SU27  (2557,1735)  (2537,1715)  (2577,1715)  (2537,1755)  (2577,1755)  (2537,1735)  (2557,1715)  (2577,1735)  (2557,1755)
SD2  (282,374)  (262,354)  (302,354)  (262,394)  (302,394)  (262,374)  (282,354)  (302,374)  (282,394)
SU26  (2461,1728)  (2441,1708)  (2481,1708)  (2441,1748)  (2481,1748)  (2441,1728)  (2461,1708)  (2481,1728)  (2461,1748)
SD1  (187,371)  (167,351)  (207,351)  (167,391)  (207,391)  (167,371)  (187,351)  (207,371)  (187,391)
SU25  (2368,1731)  (2348,1711)  (2388,1711)  (2348,1751)  (2388,1751)  (2348,1731)  (2368,1711)  (2388,1731)  (2368,1751)
SD4  (469,372)  (449,352)  (489,352)  (449,392)  (489,392)  (449,372)  (469,352)  (489,372)  (469,392)
SU24  (2279,1728)  (2259,1708)  (2299,1708)  (2259,1748)  (2299,1748)  (2259,1728)  (2279,1708)  (2299,1728)  (2279,1748)
SD3  (373,372)  (353,352)  (393,352)  (353,392)  (393,392)  (353,372)  (373,352)  (393,372)  (373,392)
SU23  (2183,1731)  (2163,1711)  (2203,1711)  (2163,1751)  (2203,1751)  (2163,1731)  (2183,1711)  (2203,1731)  (2183,1751)
SD6  (655,366)  (635,346)  (675,346)  (635,386)  (675,386)  (635,366)  (655,346)  (675,366)  (655,386)
SU22  (2090,1728)  (2070,1708)  (2110,1708)  (2070,1748)  (2110,1748)  (2070,1728)  (2090,1708)  (2110,1728)  (2090,1748)
SD5  (561,372)  (541,352)  (581,352)  (541,392)  (581,392)  (541,372)  (561,352)  (581,372)  (561,392)
SD8  (836,369)  (816,349)  (856,349)  (816,389)  (856,389)  (816,369)  (836,349)  (856,369)  (836,389)
SU20  (1898,1732)  (1878,1712)  (1918,1712)  (1878,1752)  (1918,1752)  (1878,1732)  (1898,1712)  (1918,1732)  (1898,1752)
SD7  (740,371)  (720,351)  (760,351)  (720,391)  (760,391)  (720,371)  (740,351)  (760,371)  (740,391)
SD9  (927,371)  (907,351)  (947,351)  (907,391)  (947,391)  (907,371)  (927,351)  (947,371)  (927,391)
Kelsha'var  (2337,983)  (2313,987)  (2361,987)  (2336,1062)  (2312,1055)  (2361,1058)  (2297,1012)  (2323,1009)  (2352,1009)  (2377,1010)  (2297,1034)  (2321,1032)  (2349,1036)  (2372,1034)
SU29  (2740,1732)  (2720,1712)  (2760,1712)  (2720,1752)  (2760,1752)  (2720,1732)  (2740,1712)  (2760,1732)  (2740,1752)
SU28  (2649,1728)  (2629,1708)  (2669,1708)  (2629,1748)  (2669,1748)  (2629,1728)  (2649,1708)  (2669,1728)  (2649,1748)
SD16  (1577,366)  (1557,346)  (1597,346)  (1557,386)  (1597,386)  (1557,366)  (1577,346)  (1597,366)  (1577,386)
SD17  (1674,371)  (1654,351)  (1694,351)  (1654,391)  (1694,391)  (1654,371)  (1674,351)  (1694,371)  (1674,391)
SD14  (1395,374)  (1375,354)  (1415,354)  (1375,394)  (1415,394)  (1375,374)  (1395,354)  (1415,374)  (1395,394)
SD15  (1488,365)  (1468,345)  (1508,345)  (1468,385)  (1508,385)  (1468,365)  (1488,345)  (1508,365)  (1488,385)
SD12  (1215,366)  (1195,346)  (1235,346)  (1195,386)  (1235,386)  (1195,366)  (1215,346)  (1235,366)  (1215,386)
SD13  (1299,370)  (1279,350)  (1319,350)  (1279,390)  (1319,390)  (1279,370)  (1299,350)  (1319,370)  (1299,390)
SD10  (1018,372)  (998,352)  (1038,352)  (998,392)  (1038,392)  (998,372)  (1018,352)  (1038,372)  (1018,392)
SD11  (1111,369)  (1091,349)  (1131,349)  (1091,389)  (1131,389)  (1091,369)  (1111,349)  (1131,369)  (1111,389)
SD18  (1763,372)  (1743,352)  (1783,352)  (1743,392)  (1783,392)  (1743,372)  (1763,352)  (1783,372)  (1763,392)
SE1  (145,446)  (125,426)  (165,426)  (125,466)  (165,466)  (125,446)  (145,426)  (165,446)  (145,466)
SD19  (1859,371)  (1839,351)  (1879,351)  (1839,391)  (1879,391)  (1839,371)  (1859,351)  (1879,371)  (1859,391)
Jakart  (385,1465)  (405,1471)  (362,1471)  (384,1540)  (412,1535)  (355,1535)  (343,1490)  (366,1488)  (390,1489)  (418,1488)  (342,1512)  (370,1513)  (389,1517)  (414,1514)
SU16  (1530,1734)  (1510,1714)  (1550,1714)  (1510,1754)  (1550,1754)  (1510,1734)  (1530,1714)  (1550,1734)  (1530,1754)
SE3  (326,448)  (306,428)  (346,428)  (306,468)  (346,468)  (306,448)  (326,428)  (346,448)  (326,468)
SE2  (232,452)  (212,432)  (252,432)  (212,472)  (252,472)  (212,452)  (232,432)  (252,452)  (232,472)
SU14  (1351,1729)  (1331,1709)  (1371,1709)  (1331,1749)  (1371,1749)  (1331,1729)  (1351,1709)  (1371,1729)  (1351,1749)
SE5  (516,451)  (496,431)  (536,431)  (496,471)  (536,471)  (496,451)  (516,431)  (536,451)  (516,471)
SU13  (1255,1731)  (1235,1711)  (1275,1711)  (1235,1751)  (1275,1751)  (1235,1731)  (1255,1711)  (1275,1731)  (1255,1751)
Gruben  (1876,823)  (1900,828)  (1852,827)  (1874,899)  (1899,897)  (1850,897)  (1833,852)  (1857,851)  (1883,848)  (1908,850)  (1835,875)  (1857,875)  (1884,874)  (1910,875)
SU12  (1160,1733)  (1140,1713)  (1180,1713)  (1140,1753)  (1180,1753)  (1140,1733)  (1160,1713)  (1180,1733)  (1160,1753)
SE7  (697,448)  (677,428)  (717,428)  (677,468)  (717,468)  (677,448)  (697,428)  (717,448)  (697,468)
SU11  (1068,1731)  (1048,1711)  (1088,1711)  (1048,1751)  (1088,1751)  (1048,1731)  (1068,1711)  (1088,1731)  (1068,1751)
SE6  (606,448)  (586,428)  (626,428)  (586,468)  (626,468)  (586,448)  (606,428)  (626,448)  (606,468)
SU10  (976,1731)  (956,1711)  (996,1711)  (956,1751)  (996,1751)  (956,1731)  (976,1711)  (996,1731)  (976,1751)
SE9  (884,448)  (864,428)  (904,428)  (864,468)  (904,468)  (864,448)  (884,428)  (904,448)  (884,468)
SE8  (791,450)  (771,430)  (811,430)  (771,470)  (811,470)  (771,450)  (791,430)  (811,450)  (791,470)
Vengeance  (2569,1063)  (2594,1067)  (2543,1070)  (2572,1142)  (2596,1138)  (2548,1138)  (2527,1094)  (2555,1090)  (2578,1087)  (2605,1090)  (2529,1116)  (2554,1114)  (2580,1116)  (2608,1115)
SU19  (1812,1727)  (1792,1707)  (1832,1707)  (1792,1747)  (1832,1747)  (1792,1727)  (1812,1707)  (1832,1727)  (1812,1747)
SU17  (1627,1732)  (1607,1712)  (1647,1712)  (1607,1752)  (1647,1752)  (1607,1732)  (1627,1712)  (1647,1732)  (1627,1752)
Epsion Octarius  (1457,1384)  (1479,1391)  (1432,1391)  (1455,1465)  (1480,1459)  (1429,1459)  (1417,1413)  (1443,1411)  (1470,1412)  (1492,1414)  (1417,1439)  (1446,1439)  (1470,1442)  (1491,1440)
SF2  (275,532)  (255,512)  (295,512)  (255,552)  (295,552)  (255,532)  (275,512)  (295,532)  (275,552)
SF1  (185,527)  (165,507)  (205,507)  (165,547)  (205,547)  (165,527)  (185,507)  (205,527)  (185,547)
SF4  (464,530)  (444,510)  (484,510)  (444,550)  (484,550)  (444,530)  (464,510)  (484,530)  (464,550)
SF3  (373,528)  (353,508)  (393,508)  (353,548)  (393,548)  (353,528)  (373,508)  (393,528)  (373,548)
SF6  (649,528)  (629,508)  (669,508)  (629,548)  (669,548)  (629,528)  (649,508)  (669,528)  (649,548)
SF5  (563,530)  (543,510)  (583,510)  (543,550)  (583,550)  (543,530)  (563,510)  (583,530)  (563,550)
SF8  (838,529)  (818,509)  (858,509)  (818,549)  (858,549)  (818,529)  (838,509)  (858,529)  (838,549)
SF9  (928,526)  (908,506)  (948,506)  (908,546)  (948,546)  (908,526)  (928,506)  (948,526)  (928,546)
SD30  (2878,368)  (2858,348)  (2898,348)  (2858,388)  (2898,388)  (2858,368)  (2878,348)  (2898,368)  (2878,388)
SD31  (2974,369)  (2954,349)  (2994,349)  (2954,389)  (2994,389)  (2954,369)  (2974,349)  (2994,369)  (2974,389)
Ulthwe  (781,540)  (780,512)  (763,493)  (734,490)  (714,505)  (708,529)  (717,557)  (735,569)  (767,564)
Stygies  (735,778)  (733,750)  (710,731)  (681,737)  (666,754)  (666,777)  (678,802)  (699,811)  (719,799)
SS10  (974,1569)  (954,1549)  (994,1549)  (954,1589)  (994,1589)  (954,1569)  (974,1549)  (994,1569)  (974,1589)
Quisto'rol  (2221,295)  (2220,265)  (2187,253)  (2158,266)  (2155,299)  (2166,324)  (2190,330)  (2211,320)
SG1  (142,610)  (122,590)  (162,590)  (122,630)  (162,630)  (122,610)  (142,590)  (162,610)  (142,630)
SG3  (328,610)  (308,590)  (348,590)  (308,630)  (348,630)  (308,610)  (328,590)  (348,610)  (328,630)
SG2  (240,608)  (220,588)  (260,588)  (220,628)  (260,628)  (220,608)  (240,588)  (260,608)  (240,628)
SG5  (514,610)  (494,590)  (534,590)  (494,630)  (534,630)  (494,610)  (514,590)  (534,610)  (514,630)
SG4  (418,608)  (398,588)  (438,588)  (398,628)  (438,628)  (398,608)  (418,588)  (438,608)  (418,628)
SG7  (697,605)  (677,585)  (717,585)  (677,625)  (717,625)  (677,605)  (697,585)  (717,605)  (697,625)
SG6  (606,608)  (586,588)  (626,588)  (586,628)  (626,628)  (586,608)  (606,588)  (626,608)  (606,628)
SG9  (883,607)  (863,587)  (903,587)  (863,627)  (903,627)  (863,607)  (883,587)  (903,607)  (883,627)
SG8  (791,606)  (771,586)  (811,586)  (771,626)  (811,626)  (771,606)  (791,586)  (811,606)  (791,626)
SU31  (2923,1731)  (2903,1711)  (2943,1711)  (2903,1751)  (2943,1751)  (2903,1731)  (2923,1711)  (2943,1731)  (2923,1751)
SD20  (1954,366)  (1934,346)  (1974,346)  (1934,386)  (1974,386)  (1934,366)  (1954,346)  (1974,366)  (1954,386)
SD27  (2597,369)  (2577,349)  (2617,349)  (2577,389)  (2617,389)  (2577,369)  (2597,349)  (2617,369)  (2597,389)
SD28  (2696,364)  (2676,344)  (2716,344)  (2676,384)  (2716,384)  (2676,364)  (2696,344)  (2716,364)  (2696,384)
Avellorn  (1083,904)  (1058,908)  (1107,907)  (1084,981)  (1059,976)  (1109,977)  (1044,930)  (1072,927)  (1097,930)  (1122,926)  (1045,952)  (1071,953)  (1098,955)  (1122,953)
SD25  (2417,367)  (2397,347)  (2437,347)  (2397,387)  (2437,387)  (2397,367)  (2417,347)  (2437,367)  (2417,387)
SD26  (2507,377)  (2487,357)  (2527,357)  (2487,397)  (2527,397)  (2487,377)  (2507,357)  (2527,377)  (2507,397)
SD23  (2235,369)  (2215,349)  (2255,349)  (2215,389)  (2255,389)  (2215,369)  (2235,349)  (2255,369)  (2235,389)
SD21  (2047,374)  (2027,354)  (2067,354)  (2027,394)  (2067,394)  (2027,374)  (2047,354)  (2067,374)  (2047,394)
Avignor  (313,213)  (308,189)  (289,175)  (255,173)  (244,192)  (246,219)  (260,240)  (283,244)  (304,234)
SD22  (2145,369)  (2125,349)  (2165,349)  (2125,389)  (2165,389)  (2125,369)  (2145,349)  (2165,369)  (2145,389)
Radnar  (2707,825)  (2733,826)  (2682,824)  (2711,900)  (2736,896)  (2685,897)  (2670,849)  (2696,849)  (2724,849)  (2750,846)  (2667,874)  (2694,876)  (2721,875)  (2749,872)
SH2  (279,691)  (259,671)  (299,671)  (259,711)  (299,711)  (259,691)  (279,671)  (299,691)  (279,711)
SH1  (185,692)  (165,672)  (205,672)  (165,712)  (205,712)  (165,692)  (185,672)  (205,692)  (185,712)
SD29  (2788,369)  (2768,349)  (2808,349)  (2768,389)  (2808,389)  (2768,369)  (2788,349)  (2808,369)  (2788,389)
SH4  (459,691)  (439,671)  (479,671)  (439,711)  (479,711)  (439,691)  (459,671)  (479,691)  (459,711)
SH3  (372,688)  (352,668)  (392,668)  (352,708)  (392,708)  (352,688)  (372,668)  (392,688)  (372,708)
SH6  (649,689)  (629,669)  (669,669)  (629,709)  (669,709)  (629,689)  (649,669)  (669,689)  (649,709)
SS29  (2748,1572)  (2728,1552)  (2768,1552)  (2728,1592)  (2768,1592)  (2728,1572)  (2748,1552)  (2768,1572)  (2748,1592)
SS26  (2468,1572)  (2448,1552)  (2488,1552)  (2448,1592)  (2488,1592)  (2448,1572)  (2468,1552)  (2488,1572)  (2468,1592)
SH8  (838,688)  (818,668)  (858,668)  (818,708)  (858,708)  (818,688)  (838,668)  (858,688)  (838,708)
SS27  (2555,1571)  (2535,1551)  (2575,1551)  (2535,1591)  (2575,1591)  (2535,1571)  (2555,1551)  (2575,1571)  (2555,1591)
SH7  (742,690)  (722,670)  (762,670)  (722,710)  (762,710)  (722,690)  (742,670)  (762,690)  (742,710)
SS25  (2369,1568)  (2349,1548)  (2389,1548)  (2349,1588)  (2389,1588)  (2349,1568)  (2369,1548)  (2389,1568)  (2369,1588)
SH9  (926,687)  (906,667)  (946,667)  (906,707)  (946,707)  (906,687)  (926,667)  (946,687)  (926,707)
Balur  (2014,1384)  (2035,1389)  (1990,1387)  (2013,1461)  (2037,1456)  (1991,1453)  (1966,1411)  (1993,1407)  (2017,1409)  (2045,1412)  (1977,1432)  (2000,1431)  (2023,1431)  (2052,1436)
SS22  (2089,1572)  (2069,1552)  (2109,1552)  (2069,1592)  (2109,1592)  (2069,1572)  (2089,1552)  (2109,1572)  (2089,1592)
SS23  (2184,1574)  (2164,1554)  (2204,1554)  (2164,1594)  (2204,1594)  (2164,1574)  (2184,1554)  (2204,1574)  (2184,1594)
SB10  (1022,213)  (1002,193)  (1042,193)  (1002,233)  (1042,233)  (1002,213)  (1022,193)  (1042,213)  (1022,233)
SB11  (1120,210)  (1100,190)  (1140,190)  (1100,230)  (1140,230)  (1100,210)  (1120,190)  (1140,210)  (1120,230)
SB18  (1767,214)  (1747,194)  (1787,194)  (1747,234)  (1787,234)  (1747,214)  (1767,194)  (1787,214)  (1767,234)
SB16  (1580,211)  (1560,191)  (1600,191)  (1560,231)  (1600,231)  (1560,211)  (1580,191)  (1600,211)  (1580,231)
SB17  (1674,213)  (1654,193)  (1694,193)  (1654,233)  (1694,233)  (1654,213)  (1674,193)  (1694,213)  (1674,233)
SB15  (1492,213)  (1472,193)  (1512,193)  (1472,233)  (1512,233)  (1472,213)  (1492,193)  (1512,213)  (1492,233)
SB12  (1217,210)  (1197,190)  (1237,190)  (1197,230)  (1237,230)  (1197,210)  (1217,190)  (1237,210)  (1217,230)
SB13  (1305,213)  (1285,193)  (1325,193)  (1285,233)  (1325,233)  (1285,213)  (1305,193)  (1325,213)  (1305,233)
SS31  (2922,1573)  (2902,1553)  (2942,1553)  (2902,1593)  (2942,1593)  (2902,1573)  (2922,1553)  (2942,1573)  (2922,1593)
SI1  (140,767)  (120,747)  (160,747)  (120,787)  (160,787)  (120,767)  (140,747)  (160,767)  (140,787)
SI3  (325,771)  (305,751)  (345,751)  (305,791)  (345,791)  (305,771)  (325,751)  (345,771)  (325,791)
SI2  (230,769)  (210,749)  (250,749)  (210,789)  (250,789)  (210,769)  (230,749)  (250,769)  (230,789)
SI5  (513,768)  (493,748)  (533,748)  (493,788)  (533,788)  (493,768)  (513,748)  (533,768)  (513,788)
SS17  (1622,1568)  (1602,1548)  (1642,1548)  (1602,1588)  (1642,1588)  (1602,1568)  (1622,1548)  (1642,1568)  (1622,1588)
SS18  (1718,1567)  (1698,1547)  (1738,1547)  (1698,1587)  (1738,1587)  (1698,1567)  (1718,1547)  (1738,1567)  (1718,1587)
SI6  (605,771)  (585,751)  (625,751)  (585,791)  (625,791)  (585,771)  (605,751)  (625,771)  (605,791)
SS16  (1530,1569)  (1510,1549)  (1550,1549)  (1510,1589)  (1550,1589)  (1510,1569)  (1530,1549)  (1550,1569)  (1530,1589)
SI8  (778,769)  (758,749)  (798,749)  (758,789)  (798,789)  (758,769)  (778,749)  (798,769)  (778,789)
SS13  (1250,1566)  (1230,1546)  (1270,1546)  (1230,1586)  (1270,1586)  (1230,1566)  (1250,1546)  (1270,1566)  (1250,1586)
SS14  (1348,1570)  (1328,1550)  (1368,1550)  (1328,1590)  (1368,1590)  (1328,1570)  (1348,1550)  (1368,1570)  (1348,1590)
SS11  (1065,1565)  (1045,1545)  (1085,1545)  (1045,1585)  (1085,1585)  (1045,1565)  (1065,1545)  (1085,1565)  (1065,1585)
SS19  (1816,1567)  (1796,1547)  (1836,1547)  (1796,1587)  (1836,1587)  (1796,1567)  (1816,1547)  (1836,1567)  (1816,1587)
Sotha  (2854,1064)  (2878,1069)  (2828,1066)  (2851,1142)  (2874,1140)  (2827,1137)  (2813,1091)  (2837,1091)  (2863,1090)  (2887,1091)  (2815,1115)  (2840,1116)  (2863,1115)  (2888,1116)
SS20  (1905,1566)  (1885,1546)  (1925,1546)  (1885,1586)  (1925,1586)  (1885,1566)  (1905,1546)  (1925,1566)  (1905,1586)
SJ2  (282,853)  (262,833)  (302,833)  (262,873)  (302,873)  (262,853)  (282,833)  (302,853)  (282,873)
SJ1  (187,852)  (167,832)  (207,832)  (167,872)  (207,872)  (167,852)  (187,832)  (207,852)  (187,872)
SJ4  (465,855)  (445,835)  (485,835)  (445,875)  (485,875)  (445,855)  (465,835)  (485,855)  (465,875)
SJ3  (371,854)  (351,834)  (391,834)  (351,874)  (391,874)  (351,854)  (371,834)  (391,854)  (371,874)
SJ6  (650,855)  (630,835)  (670,835)  (630,875)  (670,875)  (630,855)  (650,835)  (670,855)  (650,875)
SJ5  (554,851)  (534,831)  (574,831)  (534,871)  (574,871)  (534,851)  (554,831)  (574,851)  (554,871)
SJ7  (740,853)  (720,833)  (760,833)  (720,873)  (760,873)  (720,853)  (740,833)  (760,853)  (740,873)
Jurn  (1455,1704)  (1479,1709)  (1429,1708)  (1456,1780)  (1481,1775)  (1431,1775)  (1414,1732)  (1443,1731)  (1463,1731)  (1493,1732)  (1415,1754)  (1445,1753)  (1472,1756)  (1499,1754)
SB31  (2971,215)  (2951,195)  (2991,195)  (2951,235)  (2991,235)  (2951,215)  (2971,195)  (2991,215)  (2971,235)
Jhanna  (1993,674)  (1975,658)  (1942,652)  (1923,669)  (1919,699)  (1932,717)  (1956,728)  (1990,716)
Baal  (2363,374)  (2362,349)  (2337,333)  (2312,337)  (2290,357)  (2293,384)  (2305,403)  (2327,409)  (2351,400)
SK1  (139,931)  (119,911)  (159,911)  (119,951)  (159,951)  (119,931)  (139,911)  (159,931)  (139,951)
SQ12  (1162,1408)  (1142,1388)  (1182,1388)  (1142,1428)  (1182,1428)  (1142,1408)  (1162,1388)  (1182,1408)  (1162,1428)
SK3  (320,928)  (300,908)  (340,908)  (300,948)  (340,948)  (300,928)  (320,908)  (340,928)  (320,948)
SQ10  (973,1410)  (953,1390)  (993,1390)  (953,1430)  (993,1430)  (953,1410)  (973,1390)  (993,1410)  (973,1430)
SK2  (234,931)  (214,911)  (254,911)  (214,951)  (254,951)  (214,931)  (234,911)  (254,931)  (234,951)
SK5  (508,931)  (488,911)  (528,911)  (488,951)  (528,951)  (488,931)  (508,911)  (528,931)  (508,951)
SK4  (414,928)  (394,908)  (434,908)  (394,948)  (434,948)  (394,928)  (414,908)  (434,928)  (414,948)
SK7  (698,929)  (678,909)  (718,909)  (678,949)  (718,949)  (678,929)  (698,909)  (718,929)  (698,949)
SK6  (602,928)  (582,908)  (622,908)  (582,948)  (622,948)  (582,928)  (602,908)  (622,928)  (602,948)
Thoth  (384,1623)  (404,1631)  (362,1631)  (384,1701)  (410,1696)  (353,1695)  (339,1653)  (364,1653)  (393,1651)  (416,1650)  (345,1674)  (361,1677)  (395,1678)  (419,1672)
SK9  (883,944)  (863,924)  (903,924)  (863,964)  (903,964)  (863,944)  (883,924)  (903,944)  (883,964)
SK8  (791,929)  (771,909)  (811,909)  (771,949)  (811,949)  (771,929)  (791,909)  (811,929)  (791,949)
Cadia  (594,702)  (594,671)  (577,648)  (541,648)  (524,671)  (523,702)  (539,724)  (572,729)
SB21  (2049,209)  (2029,189)  (2069,189)  (2029,229)  (2069,229)  (2029,209)  (2049,189)  (2069,209)  (2049,229)
SB22  (2149,207)  (2129,187)  (2169,187)  (2129,227)  (2169,227)  (2129,207)  (2149,187)  (2169,207)  (2149,227)
SB20  (1957,215)  (1937,195)  (1977,195)  (1937,235)  (1977,235)  (1937,215)  (1957,195)  (1977,215)  (1957,235)
SB29  (2786,218)  (2766,198)  (2806,198)  (2766,238)  (2806,238)  (2766,218)  (2786,198)  (2806,218)  (2786,238)
SB28  (2701,213)  (2681,193)  (2721,193)  (2681,233)  (2721,233)  (2681,213)  (2701,193)  (2721,213)  (2701,233)
SB25  (2421,213)  (2401,193)  (2441,193)  (2401,233)  (2441,233)  (2401,213)  (2421,193)  (2441,213)  (2421,233)
SB26  (2514,211)  (2494,191)  (2534,191)  (2494,231)  (2534,231)  (2494,211)  (2514,191)  (2534,211)  (2514,231)
SB23  (2238,214)  (2218,194)  (2258,194)  (2218,234)  (2258,234)  (2218,214)  (2238,194)  (2258,214)  (2238,234)
SL2  (273,1011)  (253,991)  (293,991)  (253,1031)  (293,1031)  (253,1011)  (273,991)  (293,1011)  (273,1031)
SL1  (186,1003)  (166,983)  (206,983)  (166,1023)  (206,1023)  (166,1003)  (186,983)  (206,1003)  (186,1023)
SL4  (462,1006)  (442,986)  (482,986)  (442,1026)  (482,1026)  (442,1006)  (462,986)  (482,1006)  (462,1026)
SL3  (370,1005)  (350,985)  (390,985)  (350,1025)  (390,1025)  (350,1005)  (370,985)  (390,1005)  (370,1025)
SL6  (650,1009)  (630,989)  (670,989)  (630,1029)  (670,1029)  (630,1009)  (650,989)  (670,1009)  (650,1029)
SL5  (557,1009)  (537,989)  (577,989)  (537,1029)  (577,1029)  (537,1009)  (557,989)  (577,1009)  (557,1029)
SL8  (838,1007)  (818,987)  (858,987)  (818,1027)  (858,1027)  (818,1007)  (838,987)  (858,1007)  (838,1027)
SL7  (745,1010)  (725,990)  (765,990)  (725,1030)  (765,1030)  (725,1010)  (745,990)  (765,1010)  (745,1030)
SL9  (929,1009)  (909,989)  (949,989)  (909,1029)  (949,1029)  (909,1009)  (929,989)  (949,1009)  (929,1029)
SQ28  (2652,1407)  (2632,1387)  (2672,1387)  (2632,1427)  (2672,1427)  (2632,1407)  (2652,1387)  (2672,1407)  (2652,1427)
SQ29  (2739,1409)  (2719,1389)  (2759,1389)  (2719,1429)  (2759,1429)  (2719,1409)  (2739,1389)  (2759,1409)  (2739,1429)
SQ26  (2455,1407)  (2435,1387)  (2475,1387)  (2435,1427)  (2475,1427)  (2435,1407)  (2455,1387)  (2475,1407)  (2455,1427)
SQ25  (2370,1406)  (2350,1386)  (2390,1386)  (2350,1426)  (2390,1426)  (2350,1406)  (2370,1386)  (2390,1406)  (2370,1426)
Badab  (1596,1144)  (1571,1149)  (1621,1152)  (1596,1224)  (1569,1217)  (1620,1217)  (1558,1174)  (1580,1170)  (1603,1170)  (1630,1173)  (1558,1198)  (1582,1197)  (1605,1197)  (1630,1197)
Guryan  (665,1463)  (690,1474)  (643,1471)  (665,1539)  (692,1534)  (636,1535)  (621,1494)  (648,1490)  (674,1491)  (702,1496)  (622,1513)  (647,1513)  (675,1515)  (701,1513)
SM1  (143,1089)  (123,1069)  (163,1069)  (123,1109)  (163,1109)  (123,1089)  (143,1069)  (163,1089)  (143,1109)
SM3  (320,1089)  (300,1069)  (340,1069)  (300,1109)  (340,1109)  (300,1089)  (320,1069)  (340,1089)  (320,1109)
SM2  (235,1088)  (215,1068)  (255,1068)  (215,1108)  (255,1108)  (215,1088)  (235,1068)  (255,1088)  (235,1108)
SQ31  (2928,1408)  (2908,1388)  (2948,1388)  (2908,1428)  (2948,1428)  (2908,1408)  (2928,1388)  (2948,1408)  (2928,1428)
SM5  (506,1089)  (486,1069)  (526,1069)  (486,1109)  (526,1109)  (486,1089)  (506,1069)  (526,1089)  (506,1109)
SM4  (417,1087)  (397,1067)  (437,1067)  (397,1107)  (437,1107)  (397,1087)  (417,1067)  (437,1087)  (417,1107)
SM6  (602,1089)  (582,1069)  (622,1069)  (582,1109)  (622,1109)  (582,1089)  (602,1069)  (622,1089)  (602,1109)
SM8  (787,1090)  (767,1070)  (807,1070)  (767,1110)  (807,1110)  (767,1090)  (787,1070)  (807,1090)  (787,1110)
SQ19  (1810,1409)  (1790,1389)  (1830,1389)  (1790,1429)  (1830,1429)  (1790,1409)  (1810,1389)  (1830,1409)  (1810,1429)
SQ17  (1623,1410)  (1603,1390)  (1643,1390)  (1603,1430)  (1643,1430)  (1603,1410)  (1623,1390)  (1643,1410)  (1623,1430)
SQ18  (1718,1409)  (1698,1389)  (1738,1389)  (1698,1429)  (1738,1429)  (1698,1409)  (1718,1389)  (1738,1409)  (1718,1429)
SQ16  (1531,1407)  (1511,1387)  (1551,1387)  (1511,1427)  (1551,1427)  (1511,1407)  (1531,1387)  (1551,1407)  (1531,1427)
SQ13  (1251,1409)  (1231,1389)  (1271,1389)  (1231,1429)  (1271,1429)  (1231,1409)  (1251,1389)  (1271,1409)  (1251,1429)
SQ14  (1349,1411)  (1329,1391)  (1369,1391)  (1329,1431)  (1369,1431)  (1329,1411)  (1349,1391)  (1369,1411)  (1349,1431)
Golgotha Prime  (1736,903)  (1760,907)  (1711,908)  (1734,981)  (1763,977)  (1710,976)  (1691,933)  (1723,931)  (1748,929)  (1774,930)  (1697,953)  (1722,951)  (1748,954)  (1771,954)
SN2  (274,1167)  (254,1147)  (294,1147)  (254,1187)  (294,1187)  (254,1167)  (274,1147)  (294,1167)  (274,1187)
SN1  (183,1171)  (163,1151)  (203,1151)  (163,1191)  (203,1191)  (163,1171)  (183,1151)  (203,1171)  (183,1191)
SQ22  (2091,1405)  (2071,1385)  (2111,1385)  (2071,1425)  (2111,1425)  (2071,1405)  (2091,1385)  (2111,1405)  (2091,1425)
Luna  (1005,1241)  (970,1223)  (945,1246)  (962,1278)  (1004,1284)
SQ23  (2188,1410)  (2168,1390)  (2208,1390)  (2168,1430)  (2208,1430)  (2168,1410)  (2188,1390)  (2208,1410)  (2188,1430)
SN3  (368,1167)  (348,1147)  (388,1147)  (348,1187)  (388,1187)  (348,1167)  (368,1147)  (388,1167)  (368,1187)
SQ20  (1903,1409)  (1883,1389)  (1923,1389)  (1883,1429)  (1923,1429)  (1883,1409)  (1903,1389)  (1923,1409)  (1903,1429)
SN6  (642,1167)  (622,1147)  (662,1147)  (622,1187)  (662,1187)  (622,1167)  (642,1147)  (662,1167)  (642,1187)
SN5  (557,1167)  (537,1147)  (577,1147)  (537,1187)  (577,1187)  (537,1167)  (557,1147)  (577,1167)  (557,1187)
SN8  (834,1173)  (814,1153)  (854,1153)  (814,1193)  (854,1193)  (814,1173)  (834,1153)  (854,1173)  (834,1193)
SN7  (739,1170)  (719,1150)  (759,1150)  (719,1190)  (759,1190)  (719,1170)  (739,1150)  (759,1170)  (739,1190)
Dioscis Theta  (1735,1223)  (1758,1228)  (1712,1229)  (1736,1297)  (1761,1297)  (1712,1297)  (1695,1254)  (1713,1252)  (1739,1248)  (1770,1250)  (1703,1275)  (1731,1274)  (1756,1273)
SN9  (928,1175)  (908,1155)  (948,1155)  (908,1195)  (948,1195)  (908,1175)  (928,1155)  (948,1175)  (928,1195)
SO1  (144,1248)  (124,1228)  (164,1228)  (124,1268)  (164,1268)  (124,1248)  (144,1228)  (164,1248)  (144,1268)
SO3  (327,1248)  (307,1228)  (347,1228)  (307,1268)  (347,1268)  (307,1248)  (327,1228)  (347,1248)  (327,1268)
Astronomican  (1114,1177)  (1114,1210)  (1147,1185)  (1158,1145)  (1151,1111)  (1120,1133)  (1090,1153)  (1089,1199)  (1090,1232)
SO2  (231,1248)  (211,1228)  (251,1228)  (211,1268)  (251,1268)  (211,1248)  (231,1228)  (251,1248)  (231,1268)
SO13  (1250,1250)  (1230,1230)  (1270,1230)  (1230,1270)  (1270,1270)  (1230,1250)  (1250,1230)  (1270,1250)  (1250,1270)
SO5  (511,1251)  (491,1231)  (531,1231)  (491,1271)  (531,1271)  (491,1251)  (511,1231)  (531,1251)  (511,1271)
SO4  (416,1251)  (396,1231)  (436,1231)  (396,1271)  (436,1271)  (396,1251)  (416,1231)  (436,1251)  (416,1271)
SO11  (1069,1264)  (1049,1244)  (1089,1244)  (1049,1284)  (1089,1284)  (1049,1264)  (1069,1244)  (1089,1264)  (1069,1284)
SO7  (693,1251)  (673,1231)  (713,1231)  (673,1271)  (713,1271)  (673,1251)  (693,1231)  (713,1251)  (693,1271)
SO12  (1158,1249)  (1138,1229)  (1178,1229)  (1138,1269)  (1178,1269)  (1138,1249)  (1158,1229)  (1178,1249)  (1158,1269)
Armageddon Prime  (849,861)  (847,899)  (813,870)  (808,831)  (812,797)  (848,819)  (872,844)  (875,892)
SO9  (883,1251)  (863,1231)  (903,1231)  (863,1271)  (903,1271)  (863,1251)  (883,1231)  (903,1251)  (883,1271)
SO8  (790,1251)  (770,1231)  (810,1231)  (770,1271)  (810,1271)  (770,1251)  (790,1231)  (810,1251)  (790,1271)
Gorkamorka  (2917,218)  (2915,193)  (2885,177)  (2856,184)  (2849,215)  (2858,240)  (2879,250)  (2904,242)
T'olku  (2153,983)  (2177,987)  (2128,987)  (2151,1063)  (2175,1059)  (2128,1055)  (2111,1010)  (2138,1007)  (2166,1008)  (2192,1008)  (2111,1032)  (2139,1031)  (2167,1035)  (2192,1036)
SP2  (280,1329)  (260,1309)  (300,1309)  (260,1349)  (300,1349)  (260,1329)  (280,1309)  (300,1329)  (280,1349)
SP1  (190,1326)  (170,1306)  (210,1306)  (170,1346)  (210,1346)  (170,1326)  (190,1306)  (210,1326)  (190,1346)
SP4  (462,1331)  (442,1311)  (482,1311)  (442,1351)  (482,1351)  (442,1331)  (462,1311)  (482,1331)  (462,1351)
SP3  (372,1334)  (352,1314)  (392,1314)  (352,1354)  (392,1354)  (352,1334)  (372,1314)  (392,1334)  (372,1354)
SP6  (664,1343)  (664,1319)  (662,1366)  (639,1330)  (639,1354)  (687,1317)  (688,1339)  (687,1363)
SP5  (569,1338)  (569,1314)  (593,1338)  (567,1361)  (544,1336)  (544,1316)  (590,1316)  (542,1361)  (592,1361)
SP8  (850,1336)  (850,1314)  (850,1358)  (874,1338)  (831,1339)  (875,1319)  (829,1318)  (825,1359)  (874,1361)
SP9  (941,1334)  (940,1311)  (941,1359)  (915,1342)  (966,1338)  (915,1318)  (913,1365)  (964,1320)  (968,1360)
Antro  (1734,1063)  (1759,1071)  (1707,1069)  (1734,1141)  (1758,1135)  (1712,1137)  (1700,1098)  (1723,1088)  (1747,1090)  (1772,1093)  (1701,1117)  (1723,1114)  (1747,1114)  (1772,1114)
SO28  (2646,1251)  (2626,1231)  (2666,1231)  (2626,1271)  (2666,1271)  (2626,1251)  (2646,1231)  (2666,1251)  (2646,1271)
SO29  (2744,1249)  (2724,1229)  (2764,1229)  (2724,1269)  (2764,1269)  (2724,1249)  (2744,1229)  (2764,1249)  (2744,1269)
SO26  (2461,1251)  (2441,1231)  (2481,1231)  (2441,1271)  (2481,1271)  (2441,1251)  (2461,1231)  (2481,1251)  (2461,1271)
Thranx  (1220,985)  (1243,987)  (1194,986)  (1217,1060)  (1241,1058)  (1193,1056)  (1186,1009)  (1210,1011)  (1232,1009)  (1256,1011)  (1185,1034)  (1211,1033)  (1236,1033)  (1257,1035)
Dimmamar  (1895,216)  (1893,183)  (1862,174)  (1831,178)  (1824,208)  (1833,238)  (1858,245)  (1886,241)
SQ1  (142,1411)  (122,1391)  (162,1391)  (122,1431)  (162,1431)  (122,1411)  (142,1391)  (162,1411)  (142,1431)
SQ3  (330,1410)  (310,1390)  (350,1390)  (310,1430)  (350,1430)  (310,1410)  (330,1390)  (350,1410)  (330,1430)
SQ4  (419,1413)  (399,1393)  (439,1393)  (399,1433)  (439,1433)  (399,1413)  (419,1393)  (439,1413)  (419,1433)
SQ7  (694,1408)  (674,1388)  (714,1388)  (674,1428)  (714,1428)  (674,1408)  (694,1388)  (714,1408)  (694,1428)
SQ6  (600,1412)  (580,1392)  (620,1392)  (580,1432)  (620,1432)  (580,1412)  (600,1392)  (620,1412)  (600,1432)
SQ8  (788,1410)  (768,1390)  (808,1390)  (768,1430)  (808,1430)  (768,1410)  (788,1390)  (808,1410)  (788,1430)
SO31  (2921,1252)  (2901,1232)  (2941,1232)  (2901,1272)  (2941,1272)  (2901,1252)  (2921,1232)  (2941,1252)  (2921,1272)
SO19  (1811,1247)  (1791,1227)  (1831,1227)  (1791,1267)  (1831,1267)  (1791,1247)  (1811,1227)  (1831,1247)  (1811,1267)
SO17  (1625,1249)  (1605,1229)  (1645,1229)  (1605,1269)  (1645,1269)  (1605,1249)  (1625,1229)  (1645,1249)  (1625,1269)
SO15  (1433,1249)  (1413,1229)  (1453,1229)  (1413,1269)  (1453,1269)  (1413,1249)  (1433,1229)  (1453,1249)  (1433,1269)
SO16  (1532,1246)  (1512,1226)  (1552,1226)  (1512,1266)  (1552,1266)  (1512,1246)  (1532,1226)  (1552,1246)  (1532,1266)
Gryphonne IV  (1592,1305)  (1617,1311)  (1566,1310)  (1598,1384)  (1622,1378)  (1578,1382)  (1549,1337)  (1574,1331)  (1600,1329)  (1626,1334)  (1551,1360)  (1576,1356)  (1598,1359)  (1626,1357)
SR2  (280,1488)  (260,1468)  (300,1468)  (260,1508)  (300,1508)  (260,1488)  (280,1468)  (300,1488)  (280,1508)
SR1  (189,1489)  (169,1469)  (209,1469)  (169,1509)  (209,1509)  (169,1489)  (189,1469)  (209,1489)  (189,1509)
SR4  (464,1487)  (444,1467)  (484,1467)  (444,1507)  (484,1507)  (444,1487)  (464,1467)  (484,1487)  (464,1507)
SR5  (557,1491)  (537,1471)  (577,1471)  (537,1511)  (577,1511)  (537,1491)  (557,1471)  (577,1491)  (557,1511)
SO24  (2272,1248)  (2252,1228)  (2292,1228)  (2252,1268)  (2292,1268)  (2252,1248)  (2272,1228)  (2292,1248)  (2272,1268)
SR8  (836,1489)  (816,1469)  (856,1469)  (816,1509)  (856,1509)  (816,1489)  (836,1469)  (856,1489)  (836,1509)
SO25  (2370,1252)  (2350,1232)  (2390,1232)  (2350,1272)  (2390,1272)  (2350,1252)  (2370,1232)  (2390,1252)  (2370,1272)
SR7  (738,1490)  (718,1470)  (758,1470)  (718,1510)  (758,1510)  (718,1490)  (738,1470)  (758,1490)  (738,1510)
SO22  (2093,1255)  (2073,1235)  (2113,1235)  (2073,1275)  (2113,1275)  (2073,1255)  (2093,1235)  (2113,1255)  (2093,1275)
SO23  (2184,1251)  (2164,1231)  (2204,1231)  (2164,1271)  (2204,1271)  (2164,1251)  (2184,1231)  (2204,1251)  (2184,1271)
SR9  (927,1491)  (907,1471)  (947,1471)  (907,1511)  (947,1511)  (907,1491)  (927,1471)  (947,1491)  (927,1511)
SO20  (1905,1252)  (1885,1232)  (1925,1232)  (1885,1272)  (1925,1272)  (1885,1252)  (1905,1232)  (1925,1252)  (1905,1272)
SO21  (1990,1248)  (1970,1228)  (2010,1228)  (1970,1268)  (2010,1268)  (1970,1248)  (1990,1228)  (2010,1248)  (1990,1268)
Okassis  (2733,681)  (2717,657)  (2681,656)  (2665,674)  (2663,703)  (2677,722)  (2704,723)  (2729,707)
SS1  (144,1574)  (124,1554)  (164,1554)  (124,1594)  (164,1594)  (124,1574)  (144,1554)  (164,1574)  (144,1594)
SS3  (323,1570)  (303,1550)  (343,1550)  (303,1590)  (343,1590)  (303,1570)  (323,1550)  (343,1570)  (323,1590)
SS4  (419,1569)  (399,1549)  (439,1549)  (399,1589)  (439,1589)  (399,1569)  (419,1549)  (439,1569)  (419,1589)
SS7  (694,1572)  (674,1552)  (714,1552)  (674,1592)  (714,1592)  (674,1572)  (694,1552)  (714,1572)  (694,1592)
SS6  (603,1570)  (583,1550)  (623,1550)  (583,1590)  (623,1590)  (583,1570)  (603,1550)  (623,1570)  (603,1590)
SM15  (1440,1087)  (1420,1067)  (1460,1067)  (1420,1107)  (1460,1107)  (1420,1087)  (1440,1067)  (1460,1087)  (1440,1107)
SS9  (884,1566)  (864,1546)  (904,1546)  (864,1586)  (904,1586)  (864,1566)  (884,1546)  (904,1566)  (884,1586)
SM16  (1528,1091)  (1508,1071)  (1548,1071)  (1508,1111)  (1548,1111)  (1508,1091)  (1528,1071)  (1548,1091)  (1528,1111)
SS8  (780,1570)  (760,1550)  (800,1550)  (760,1590)  (800,1590)  (760,1570)  (780,1550)  (800,1570)  (780,1590)
SM13  (1258,1089)  (1238,1069)  (1278,1069)  (1238,1109)  (1278,1109)  (1238,1089)  (1258,1069)  (1278,1089)  (1258,1109)
SM12  (1187,1089)  (1167,1069)  (1207,1069)  (1167,1109)  (1207,1109)  (1167,1089)  (1187,1069)  (1207,1089)  (1187,1109)
SM10  (963,1088)  (943,1068)  (983,1068)  (943,1108)  (983,1108)  (943,1088)  (963,1068)  (983,1088)  (963,1108)
ST2  (276,1646)  (256,1626)  (296,1626)  (256,1666)  (296,1666)  (256,1646)  (276,1626)  (296,1646)  (276,1666)
ST1  (188,1646)  (168,1626)  (208,1626)  (168,1666)  (208,1666)  (168,1646)  (188,1626)  (208,1646)  (188,1666)
ST4  (460,1649)  (440,1629)  (480,1629)  (440,1669)  (480,1669)  (440,1649)  (460,1629)  (480,1649)  (460,1669)
ST6  (645,1651)  (625,1631)  (665,1631)  (625,1671)  (665,1671)  (625,1651)  (645,1631)  (665,1651)  (645,1671)
ST5  (556,1649)  (536,1629)  (576,1629)  (536,1669)  (576,1669)  (536,1649)  (556,1629)  (576,1649)  (556,1669)
ST8  (836,1642)  (816,1622)  (856,1622)  (816,1662)  (856,1662)  (816,1642)  (836,1622)  (856,1642)  (836,1662)
ST7  (738,1644)  (718,1624)  (758,1624)  (718,1664)  (758,1664)  (718,1644)  (738,1624)  (758,1644)  (738,1664)
ST9  (926,1648)  (906,1628)  (946,1628)  (906,1668)  (946,1668)  (906,1648)  (926,1628)  (946,1648)  (926,1668)
SM28  (2647,1084)  (2627,1064)  (2667,1064)  (2627,1104)  (2667,1104)  (2627,1084)  (2647,1064)  (2667,1084)  (2647,1104)
SM29  (2743,1087)  (2723,1067)  (2763,1067)  (2723,1107)  (2763,1107)  (2723,1087)  (2743,1067)  (2763,1087)  (2743,1107)
SU1  (141,1731)  (121,1711)  (161,1711)  (121,1751)  (161,1751)  (121,1731)  (141,1711)  (161,1731)  (141,1751)
SU3  (324,1729)  (304,1709)  (344,1709)  (304,1749)  (344,1749)  (304,1729)  (324,1709)  (344,1729)  (324,1749)
SU5  (511,1729)  (491,1709)  (531,1709)  (491,1749)  (531,1749)  (491,1729)  (511,1709)  (531,1729)  (511,1749)
W100  (51,933)  (31,913)  (71,913)  (31,953)  (71,953)  (31,933)  (51,913)  (71,933)  (51,953)
SU4  (419,1731)  (399,1711)  (439,1711)  (399,1751)  (439,1751)  (399,1731)  (419,1711)  (439,1731)  (419,1751)
W101  (94,852)  (74,832)  (114,832)  (74,872)  (114,872)  (74,852)  (94,832)  (114,852)  (94,872)
W102  (45,770)  (25,750)  (65,750)  (25,790)  (65,790)  (25,770)  (45,750)  (65,770)  (45,790)
W103  (94,694)  (74,674)  (114,674)  (74,714)  (114,714)  (74,694)  (94,674)  (114,694)  (94,714)
SU6  (606,1729)  (586,1709)  (626,1709)  (586,1749)  (626,1749)  (586,1729)  (606,1709)  (626,1729)  (606,1749)
W104  (50,610)  (30,590)  (70,590)  (30,630)  (70,630)  (30,610)  (50,590)  (70,610)  (50,630)
SU9  (882,1727)  (862,1707)  (902,1707)  (862,1747)  (902,1747)  (862,1727)  (882,1707)  (902,1727)  (882,1747)
W105  (100,534)  (80,514)  (120,514)  (80,554)  (120,554)  (80,534)  (100,514)  (120,534)  (100,554)
SU8  (787,1725)  (767,1705)  (807,1705)  (767,1745)  (807,1745)  (767,1725)  (787,1705)  (807,1725)  (787,1745)
SM31  (2926,1088)  (2906,1068)  (2946,1068)  (2906,1108)  (2946,1108)  (2906,1088)  (2926,1068)  (2946,1088)  (2926,1108)
SM19  (1811,1089)  (1791,1069)  (1831,1069)  (1791,1109)  (1831,1109)  (1791,1089)  (1811,1069)  (1831,1089)  (1811,1109)
SM17  (1627,1087)  (1607,1067)  (1647,1067)  (1607,1107)  (1647,1107)  (1607,1087)  (1627,1067)  (1647,1087)  (1627,1107)
SV2  (278,1809)  (258,1789)  (298,1789)  (258,1829)  (298,1829)  (258,1809)  (278,1789)  (298,1809)  (278,1829)
SV1  (185,1811)  (165,1791)  (205,1791)  (165,1831)  (205,1831)  (165,1811)  (185,1791)  (205,1811)  (185,1831)
SV4  (462,1808)  (442,1788)  (482,1788)  (442,1828)  (482,1828)  (442,1808)  (462,1788)  (482,1808)  (462,1828)
SV3  (369,1809)  (349,1789)  (389,1789)  (349,1829)  (389,1829)  (349,1809)  (369,1789)  (389,1809)  (369,1829)
SV6  (649,1805)  (629,1785)  (669,1785)  (629,1825)  (669,1825)  (629,1805)  (649,1785)  (669,1805)  (649,1825)
SV5  (555,1806)  (535,1786)  (575,1786)  (535,1826)  (575,1826)  (535,1806)  (555,1786)  (575,1806)  (555,1826)
SV8  (835,1808)  (815,1788)  (855,1788)  (815,1828)  (855,1828)  (815,1808)  (835,1788)  (855,1808)  (835,1828)
SV7  (742,1808)  (722,1788)  (762,1788)  (722,1828)  (762,1828)  (722,1808)  (742,1788)  (762,1808)  (742,1828)
Vor'anoth  (2246,1145)  (2269,1146)  (2221,1147)  (2248,1221)  (2273,1216)  (2222,1216)  (2203,1174)  (2232,1167)  (2253,1171)  (2282,1167)  (2206,1196)  (2231,1192)  (2259,1195)  (2282,1190)
SV9  (923,1807)  (903,1787)  (943,1787)  (903,1827)  (943,1827)  (903,1807)  (923,1787)  (943,1807)  (923,1827)
SM26  (2460,1088)  (2440,1068)  (2480,1068)  (2440,1108)  (2480,1108)  (2440,1088)  (2460,1068)  (2480,1088)  (2460,1108)
SM24  (2271,1089)  (2251,1069)  (2291,1069)  (2251,1109)  (2291,1109)  (2251,1089)  (2271,1069)  (2291,1089)  (2271,1109)
SM25  (2364,1087)  (2344,1067)  (2384,1067)  (2344,1107)  (2384,1107)  (2344,1087)  (2364,1067)  (2384,1087)  (2364,1107)
SM22  (2091,1093)  (2071,1073)  (2111,1073)  (2071,1113)  (2111,1113)  (2071,1093)  (2091,1073)  (2111,1093)  (2091,1113)
SM23  (2181,1087)  (2161,1067)  (2201,1067)  (2161,1107)  (2201,1107)  (2161,1087)  (2181,1067)  (2201,1087)  (2181,1107)
SM20  (1903,1093)  (1883,1073)  (1923,1073)  (1883,1113)  (1923,1113)  (1883,1093)  (1903,1073)  (1923,1093)  (1903,1113)
SM21  (2000,1090)  (1980,1070)  (2020,1070)  (1980,1110)  (2020,1110)  (1980,1090)  (2000,1070)  (2020,1090)  (2000,1110)
SK10  (970,931)  (950,911)  (990,911)  (950,951)  (990,951)  (950,931)  (970,911)  (990,931)  (970,951)
Bork'an  (2058,1144)  (2082,1149)  (2035,1147)  (2060,1223)  (2082,1217)  (2036,1215)  (2018,1171)  (2043,1170)  (2066,1170)  (2089,1170)  (2023,1194)  (2046,1194)  (2071,1194)  (2096,1195)
SK17  (1622,930)  (1602,910)  (1642,910)  (1602,950)  (1642,950)  (1602,930)  (1622,910)  (1642,930)  (1622,950)
SK15  (1440,929)  (1420,909)  (1460,909)  (1420,949)  (1460,949)  (1420,929)  (1440,909)  (1460,929)  (1440,949)
SK13  (1255,928)  (1235,908)  (1275,908)  (1235,948)  (1275,948)  (1235,928)  (1255,908)  (1275,928)  (1255,948)
SK14  (1348,926)  (1328,906)  (1368,906)  (1328,946)  (1368,946)  (1328,926)  (1348,906)  (1368,926)  (1348,946)
Vrun  (1313,1622)  (1339,1623)  (1289,1626)  (1316,1700)  (1343,1695)  (1285,1691)  (1275,1650)  (1303,1646)  (1328,1645)  (1352,1646)  (1278,1670)  (1306,1670)  (1332,1670)  (1359,1667)
SK12  (1163,928)  (1143,908)  (1183,908)  (1143,948)  (1183,948)  (1143,928)  (1163,908)  (1183,928)  (1163,948)
W106  (51,449)  (31,429)  (71,429)  (31,469)  (71,469)  (31,449)  (51,429)  (71,449)  (51,469)
W107  (89,373)  (69,353)  (109,353)  (69,393)  (109,393)  (69,373)  (89,353)  (109,373)  (89,393)
W108  (52,293)  (32,273)  (72,273)  (32,313)  (72,313)  (32,293)  (52,273)  (72,293)  (52,313)
W109  (93,213)  (73,193)  (113,193)  (73,233)  (113,233)  (73,213)  (93,193)  (113,213)  (93,233)
W110  (45,132)  (25,112)  (65,112)  (25,152)  (65,152)  (25,132)  (45,112)  (65,132)  (45,152)
Ichar IV  (2711,982)  (2735,986)  (2687,984)  (2709,1063)  (2733,1059)  (2686,1056)  (2672,1008)  (2698,1008)  (2723,1008)  (2747,1011)  (2671,1032)  (2696,1033)  (2720,1034)  (2745,1035)
SK31  (2928,928)  (2908,908)  (2948,908)  (2908,948)  (2948,948)  (2908,928)  (2928,908)  (2948,928)  (2928,948)
Dulma'lin  (1361,1225)  (1385,1228)  (1337,1228)  (1360,1306)  (1384,1299)  (1334,1295)  (1323,1252)  (1348,1252)  (1366,1248)  (1393,1251)  (1323,1275)  (1350,1281)  (1377,1279)  (1403,1278)
SK19  (1810,931)  (1790,911)  (1830,911)  (1790,951)  (1830,951)  (1790,931)  (1810,911)  (1830,931)  (1810,951)
Armageddon Secundus  (930,856)  (932,891)  (959,866)  (968,833)  (967,793)  (933,813)  (902,835)  (902,879)  (904,912)
Imperial Palace  (1103,1063)  (1062,1057)  (1024,1064)  (1033,1092)  (1066,1115)  (1101,1098)  (1137,1073)
SK20  (1901,929)  (1881,909)  (1921,909)  (1881,949)  (1921,949)  (1881,929)  (1901,909)  (1921,929)  (1901,949)
Vacuna  (2360,223)  (2363,197)  (2347,174)  (2319,172)  (2297,183)  (2290,211)  (2303,241)  (2325,246)  (2350,241)
SK28  (2650,931)  (2630,911)  (2670,911)  (2630,951)  (2670,951)  (2630,931)  (2650,911)  (2670,931)  (2650,951)
SK29  (2737,927)  (2717,907)  (2757,907)  (2717,947)  (2757,947)  (2717,927)  (2737,907)  (2757,927)  (2737,947)
W1  (96,51)  (76,31)  (116,31)  (76,71)  (116,71)  (76,51)  (96,31)  (116,51)  (96,71)
SK27  (2555,932)  (2535,912)  (2575,912)  (2535,952)  (2575,952)  (2535,932)  (2555,912)  (2575,932)  (2555,952)
W2  (188,59)  (168,39)  (208,39)  (168,79)  (208,79)  (168,59)  (188,39)  (208,59)  (188,79)
SK24  (2275,928)  (2255,908)  (2295,908)  (2255,948)  (2295,948)  (2255,928)  (2275,908)  (2295,928)  (2275,948)
W3  (280,52)  (260,32)  (300,32)  (260,72)  (300,72)  (260,52)  (280,32)  (300,52)  (280,72)
SK25  (2363,932)  (2343,912)  (2383,912)  (2343,952)  (2383,952)  (2343,932)  (2363,912)  (2383,932)  (2363,952)
W4  (371,47)  (351,27)  (391,27)  (351,67)  (391,67)  (351,47)  (371,27)  (391,47)  (371,67)
SK22  (2091,929)  (2071,909)  (2111,909)  (2071,949)  (2111,949)  (2071,929)  (2091,909)  (2111,929)  (2091,949)
W5  (464,51)  (444,31)  (484,31)  (444,71)  (484,71)  (444,51)  (464,31)  (484,51)  (464,71)
SK23  (2183,930)  (2163,910)  (2203,910)  (2163,950)  (2203,950)  (2163,930)  (2183,910)  (2203,930)  (2183,950)
W6  (560,52)  (540,32)  (580,32)  (540,72)  (580,72)  (540,52)  (560,32)  (580,52)  (560,72)
W7  (653,52)  (633,32)  (673,32)  (633,72)  (673,72)  (633,52)  (653,32)  (673,52)  (653,72)
W8  (746,53)  (726,33)  (766,33)  (726,73)  (766,73)  (726,53)  (746,33)  (766,53)  (746,73)
W9  (837,53)  (817,33)  (857,33)  (817,73)  (857,73)  (817,53)  (837,33)  (857,53)  (837,73)
Boras Minor  (1872,1304)  (1896,1305)  (1847,1305)  (1874,1381)  (1898,1376)  (1851,1375)  (1833,1330)  (1856,1330)  (1881,1330)  (1907,1329)  (1838,1354)  (1862,1354)  (1886,1354)  (1913,1353)
SI11  (1069,772)  (1049,752)  (1089,752)  (1049,792)  (1089,792)  (1049,772)  (1069,752)  (1089,772)  (1069,792)
SI12  (1161,771)  (1141,751)  (1181,751)  (1141,791)  (1181,791)  (1141,771)  (1161,751)  (1181,771)  (1161,791)
Mars  (935,1085)  (926,1054)  (894,1034)  (862,1039)  (840,1059)  (829,1095)  (844,1124)  (869,1144)  (906,1146)  (934,1121)
SI10  (1001,769)  (981,749)  (1021,749)  (981,789)  (1021,789)  (981,769)  (1001,749)  (1021,769)  (1001,789)
SI19  (1814,770)  (1794,750)  (1834,750)  (1794,790)  (1834,790)  (1794,770)  (1814,750)  (1834,770)  (1814,790)
SI17  (1625,769)  (1605,749)  (1645,749)  (1605,789)  (1645,789)  (1605,769)  (1625,749)  (1645,769)  (1625,789)
SI15  (1433,768)  (1413,748)  (1453,748)  (1413,788)  (1453,788)  (1413,768)  (1433,748)  (1453,768)  (1433,788)
SI16  (1528,768)  (1508,748)  (1548,748)  (1508,788)  (1548,788)  (1508,768)  (1528,748)  (1548,768)  (1528,788)
SI13  (1248,766)  (1228,746)  (1268,746)  (1228,786)  (1268,786)  (1228,766)  (1248,746)  (1268,766)  (1248,786)
SI14  (1345,764)  (1325,744)  (1365,744)  (1325,784)  (1365,784)  (1325,764)  (1345,744)  (1365,764)  (1345,784)
Chiros  (524,1544)  (550,1551)  (499,1552)  (527,1622)  (549,1614)  (501,1618)  (488,1576)  (511,1569)  (539,1566)  (566,1574)  (485,1598)  (511,1595)  (536,1595)  (564,1595)
Ultima Macharia  (244,1385)  (268,1387)  (220,1386)  (247,1464)  (270,1458)  (224,1459)  (206,1409)  (230,1410)  (255,1410)  (279,1410)  (205,1434)  (231,1434)  (259,1435)  (283,1434)
Cypra Mundi  (1430,218)  (1427,188)  (1403,169)  (1368,175)  (1363,205)  (1370,239)  (1396,248)  (1420,242)
SI31  (2929,774)  (2909,754)  (2949,754)  (2909,794)  (2949,794)  (2909,774)  (2929,754)  (2949,774)  (2929,794)
SI23  (2184,764)  (2164,744)  (2204,744)  (2164,784)  (2204,784)  (2164,764)  (2184,744)  (2204,764)  (2184,784)
SI20  (1904,767)  (1884,747)  (1924,747)  (1884,787)  (1924,787)  (1884,767)  (1904,747)  (1924,767)  (1904,787)
SI21  (1998,771)  (1978,751)  (2018,751)  (1978,791)  (2018,791)  (1978,771)  (1998,751)  (2018,771)  (1998,791)
SI28  (2654,769)  (2634,749)  (2674,749)  (2634,789)  (2674,789)  (2634,769)  (2654,749)  (2674,769)  (2654,789)
SI29  (2740,770)  (2720,750)  (2760,750)  (2720,790)  (2760,790)  (2720,770)  (2740,750)  (2760,770)  (2740,790)
SI26  (2456,768)  (2436,748)  (2476,748)  (2436,788)  (2476,788)  (2436,768)  (2456,748)  (2476,768)  (2456,788)
SI27  (2557,771)  (2537,751)  (2577,751)  (2537,791)  (2577,791)  (2537,771)  (2557,751)  (2577,771)  (2557,791)
SI24  (2273,768)  (2253,748)  (2293,748)  (2253,788)  (2293,788)  (2253,768)  (2273,748)  (2293,768)  (2273,788)
SG13  (1257,608)  (1237,588)  (1277,588)  (1237,628)  (1277,628)  (1237,608)  (1257,588)  (1277,608)  (1257,628)
Formund  (2449,511)  (2427,495)  (2395,501)  (2382,525)  (2390,552)  (2415,565)  (2443,554)  (2457,532)
SG14  (1349,610)  (1329,590)  (1369,590)  (1329,630)  (1369,630)  (1329,610)  (1349,590)  (1369,610)  (1349,630)
SG11  (1070,606)  (1050,586)  (1090,586)  (1050,626)  (1090,626)  (1050,606)  (1070,586)  (1090,606)  (1070,626)
SG12  (1160,607)  (1140,587)  (1180,587)  (1140,627)  (1180,627)  (1140,607)  (1160,587)  (1180,607)  (1160,627)
SG10  (977,606)  (957,586)  (997,586)  (957,626)  (997,626)  (957,606)  (977,586)  (997,606)  (977,626)
SG19  (1810,607)  (1790,587)  (1830,587)  (1790,627)  (1830,627)  (1790,607)  (1810,587)  (1830,607)  (1810,627)
SG17  (1628,608)  (1608,588)  (1648,588)  (1608,628)  (1648,628)  (1608,608)  (1628,588)  (1648,608)  (1628,628)
SG18  (1720,610)  (1700,590)  (1740,590)  (1700,630)  (1740,630)  (1700,610)  (1720,590)  (1740,610)  (1720,630)
SG15  (1443,607)  (1423,587)  (1463,587)  (1423,627)  (1463,627)  (1423,607)  (1443,587)  (1463,607)  (1443,627)
SG16  (1530,609)  (1510,589)  (1550,589)  (1510,629)  (1550,629)  (1510,609)  (1530,589)  (1550,609)  (1530,629)
Tyran  (2851,1544)  (2874,1549)  (2826,1551)  (2851,1623)  (2874,1619)  (2828,1618)  (2815,1576)  (2837,1573)  (2862,1570)  (2888,1572)  (2810,1599)  (2835,1598)  (2860,1599)  (2885,1596)
SG31  (2930,611)  (2910,591)  (2950,591)  (2910,631)  (2950,631)  (2910,611)  (2930,591)  (2950,611)  (2930,631)
Colcha  (479,1143)  (503,1146)  (456,1146)  (480,1225)  (503,1218)  (454,1221)  (438,1170)  (465,1169)  (489,1167)  (516,1169)  (441,1197)  (465,1198)  (488,1197)  (516,1194)
Catachan  (1544,905)  (1567,908)  (1520,912)  (1545,983)  (1569,977)  (1522,975)  (1508,934)  (1531,933)  (1554,931)  (1581,932)  (1508,951)  (1530,957)  (1557,955)  (1584,955)
SG24  (2273,611)  (2253,591)  (2293,591)  (2253,631)  (2293,631)  (2253,611)  (2273,591)  (2293,611)  (2273,631)
SG25  (2365,610)  (2345,590)  (2385,590)  (2345,630)  (2385,630)  (2345,610)  (2365,590)  (2385,610)  (2365,630)
SG22  (2091,611)  (2071,591)  (2111,591)  (2071,631)  (2111,631)  (2071,611)  (2091,591)  (2111,611)  (2091,631)
SG23  (2187,607)  (2167,587)  (2207,587)  (2167,627)  (2207,627)  (2167,607)  (2187,587)  (2207,607)  (2187,627)
SG20  (1904,611)  (1884,591)  (1924,591)  (1884,631)  (1924,631)  (1884,611)  (1904,591)  (1924,611)  (1904,631)
SG21  (1991,610)  (1971,590)  (2011,590)  (1971,630)  (2011,630)  (1971,610)  (1991,590)  (2011,610)  (1991,630)
Quintarn  (2568,1221)  (2593,1229)  (2543,1233)  (2572,1304)  (2598,1298)  (2548,1296)  (2531,1256)  (2555,1255)  (2582,1251)  (2607,1253)  (2531,1276)  (2554,1277)  (2583,1277)  (2608,1277)
SG28  (2656,605)  (2636,585)  (2676,585)  (2636,625)  (2676,625)  (2636,605)  (2656,585)  (2676,605)  (2656,625)
SG29  (2743,610)  (2723,590)  (2763,590)  (2723,630)  (2763,630)  (2723,610)  (2743,590)  (2763,610)  (2743,630)
SG26  (2461,607)  (2441,587)  (2481,587)  (2441,627)  (2481,627)  (2441,607)  (2461,587)  (2481,607)  (2461,627)
SG27  (2555,605)  (2535,585)  (2575,585)  (2535,625)  (2575,625)  (2535,605)  (2555,585)  (2575,605)  (2555,625)
SV26  (2504,1803)  (2484,1783)  (2524,1783)  (2484,1823)  (2524,1823)  (2484,1803)  (2504,1783)  (2524,1803)  (2504,1823)
SV25  (2413,1808)  (2393,1788)  (2433,1788)  (2393,1828)  (2433,1828)  (2393,1808)  (2413,1788)  (2433,1808)  (2413,1828)
SV24  (2322,1808)  (2302,1788)  (2342,1788)  (2302,1828)  (2342,1828)  (2302,1808)  (2322,1788)  (2342,1808)  (2322,1828)
SV23  (2225,1800)  (2205,1780)  (2245,1780)  (2205,1820)  (2245,1820)  (2205,1800)  (2225,1780)  (2245,1800)  (2225,1820)
SV22  (2135,1804)  (2115,1784)  (2155,1784)  (2115,1824)  (2155,1824)  (2115,1804)  (2135,1784)  (2155,1804)  (2135,1824)
SV21  (2038,1808)  (2018,1788)  (2058,1788)  (2018,1828)  (2058,1828)  (2018,1808)  (2038,1788)  (2058,1808)  (2038,1828)
SV20  (1952,1803)  (1932,1783)  (1972,1783)  (1932,1823)  (1972,1823)  (1932,1803)  (1952,1783)  (1972,1803)  (1952,1823)
SV29  (2792,1811)  (2772,1791)  (2812,1791)  (2772,1831)  (2812,1831)  (2772,1811)  (2792,1791)  (2812,1811)  (2792,1831)
SV28  (2697,1807)  (2677,1787)  (2717,1787)  (2677,1827)  (2717,1827)  (2677,1807)  (2697,1787)  (2717,1807)  (2697,1827)
SV27  (2602,1810)  (2582,1790)  (2622,1790)  (2582,1830)  (2622,1830)  (2582,1810)  (2602,1790)  (2622,1810)  (2602,1830)
SE15  (1439,448)  (1419,428)  (1459,428)  (1419,468)  (1459,468)  (1419,448)  (1439,428)  (1459,448)  (1439,468)
SE16  (1537,449)  (1517,429)  (1557,429)  (1517,469)  (1557,469)  (1517,449)  (1537,429)  (1557,449)  (1537,469)
SE13  (1252,452)  (1232,432)  (1272,432)  (1232,472)  (1272,472)  (1232,452)  (1252,432)  (1272,452)  (1252,472)
SE14  (1347,449)  (1327,429)  (1367,429)  (1327,469)  (1367,469)  (1327,449)  (1347,429)  (1367,449)  (1347,469)
SE11  (1069,449)  (1049,429)  (1089,429)  (1049,469)  (1089,469)  (1049,449)  (1069,429)  (1089,449)  (1069,469)
SE12  (1167,455)  (1147,435)  (1187,435)  (1147,475)  (1187,475)  (1147,455)  (1167,435)  (1187,455)  (1167,475)
SE10  (979,451)  (959,431)  (999,431)  (959,471)  (999,471)  (959,451)  (979,431)  (999,451)  (979,471)
SE19  (1813,446)  (1793,426)  (1833,426)  (1793,466)  (1833,466)  (1793,446)  (1813,426)  (1833,446)  (1813,466)
SE17  (1626,452)  (1606,432)  (1646,432)  (1606,472)  (1646,472)  (1606,452)  (1626,432)  (1646,452)  (1626,472)
SE18  (1720,449)  (1700,429)  (1740,429)  (1700,469)  (1740,469)  (1700,449)  (1720,429)  (1740,449)  (1720,469)
SV15  (1483,1807)  (1463,1787)  (1503,1787)  (1463,1827)  (1503,1827)  (1463,1807)  (1483,1787)  (1503,1807)  (1483,1827)
SV14  (1391,1808)  (1371,1788)  (1411,1788)  (1371,1828)  (1411,1828)  (1371,1808)  (1391,1788)  (1411,1808)  (1391,1828)
SV13  (1294,1802)  (1274,1782)  (1314,1782)  (1274,1822)  (1314,1822)  (1274,1802)  (1294,1782)  (1314,1802)  (1294,1822)
SV12  (1207,1803)  (1187,1783)  (1227,1783)  (1187,1823)  (1227,1823)  (1187,1803)  (1207,1783)  (1227,1803)  (1207,1823)
SV11  (1109,1809)  (1089,1789)  (1129,1789)  (1089,1829)  (1129,1829)  (1089,1809)  (1109,1789)  (1129,1809)  (1109,1829)
SV10  (1016,1803)  (996,1783)  (1036,1783)  (996,1823)  (1036,1823)  (996,1803)  (1016,1783)  (1036,1803)  (1016,1823)
Ryza  (1361,1066)  (1384,1068)  (1334,1069)  (1359,1143)  (1382,1137)  (1336,1135)  (1326,1095)  (1348,1092)  (1374,1091)  (1400,1092)  (1330,1116)  (1353,1115)  (1376,1117)  (1400,1117)
SV19  (1857,1807)  (1837,1787)  (1877,1787)  (1837,1827)  (1877,1827)  (1837,1807)  (1857,1787)  (1877,1807)  (1857,1827)
SV18  (1766,1806)  (1746,1786)  (1786,1786)  (1746,1826)  (1786,1826)  (1746,1806)  (1766,1786)  (1786,1806)  (1766,1826)
SV17  (1673,1808)  (1653,1788)  (1693,1788)  (1653,1828)  (1693,1828)  (1653,1808)  (1673,1788)  (1693,1808)  (1673,1828)
SV16  (1577,1807)  (1557,1787)  (1597,1787)  (1557,1827)  (1597,1827)  (1557,1807)  (1577,1787)  (1597,1807)  (1577,1827)
Krath  (2014,904)  (2038,909)  (1989,906)  (2013,983)  (2035,979)  (1989,977)  (1974,928)  (1998,929)  (2025,929)  (2050,930)  (1974,951)  (1999,953)  (2024,957)  (2048,956)
Fire Wastes  (943,755)  (906,739)  (862,738)  (823,754)  (854,776)  (884,799)  (919,780)
SE30  (2835,447)  (2815,427)  (2855,427)  (2815,467)  (2855,467)  (2815,447)  (2835,427)  (2855,447)  (2835,467)
SE31  (2924,447)  (2904,427)  (2944,427)  (2904,467)  (2944,467)  (2904,447)  (2924,427)  (2944,447)  (2924,467)
Necromunda  (1083,1383)  (1109,1386)  (1058,1387)  (1084,1463)  (1109,1453)  (1058,1453)  (1042,1409)  (1067,1409)  (1098,1406)  (1121,1411)  (1047,1433)  (1074,1430)  (1096,1431)  (1122,1435)
SV31  (2971,1812)  (2951,1792)  (2991,1792)  (2951,1832)  (2991,1832)  (2951,1812)  (2971,1792)  (2991,1812)  (2971,1832)
SV30  (2877,1808)  (2857,1788)  (2897,1788)  (2857,1828)  (2897,1828)  (2857,1808)  (2877,1788)  (2897,1808)  (2877,1828)
SE26  (2463,452)  (2443,432)  (2483,432)  (2443,472)  (2483,472)  (2443,452)  (2463,432)  (2483,452)  (2463,472)
SE27  (2558,447)  (2538,427)  (2578,427)  (2538,467)  (2578,467)  (2538,447)  (2558,427)  (2578,447)  (2558,467)
SE24  (2273,448)  (2253,428)  (2293,428)  (2253,468)  (2293,468)  (2253,448)  (2273,428)  (2293,448)  (2273,468)
SE25  (2371,447)  (2351,427)  (2391,427)  (2351,467)  (2391,467)  (2351,447)  (2371,427)  (2391,447)  (2371,467)
SE22  (2095,447)  (2075,427)  (2115,427)  (2075,467)  (2115,467)  (2075,447)  (2095,427)  (2115,447)  (2095,467)
SE23  (2185,447)  (2165,427)  (2205,427)  (2165,467)  (2205,467)  (2165,447)  (2185,427)  (2205,447)  (2185,467)
SE20  (1903,450)  (1883,430)  (1923,430)  (1883,470)  (1923,470)  (1883,450)  (1903,430)  (1923,450)  (1903,470)
SE21  (1999,443)  (1979,423)  (2019,423)  (1979,463)  (2019,463)  (1979,443)  (1999,423)  (2019,443)  (1999,463)
SE28  (2644,447)  (2624,427)  (2664,427)  (2624,467)  (2664,467)  (2624,447)  (2644,427)  (2664,447)  (2644,467)
SE29  (2742,449)  (2722,429)  (2762,429)  (2722,469)  (2762,469)  (2722,449)  (2742,429)  (2762,449)  (2742,469)
ST27  (2599,1649)  (2579,1629)  (2619,1629)  (2579,1669)  (2619,1669)  (2579,1649)  (2599,1629)  (2619,1649)  (2599,1669)
ST28  (2692,1651)  (2672,1631)  (2712,1631)  (2672,1671)  (2712,1671)  (2672,1651)  (2692,1631)  (2712,1651)  (2692,1671)
ST25  (2413,1646)  (2393,1626)  (2433,1626)  (2393,1666)  (2433,1666)  (2393,1646)  (2413,1626)  (2433,1646)  (2413,1666)
ST23  (2227,1650)  (2207,1630)  (2247,1630)  (2207,1670)  (2247,1670)  (2207,1650)  (2227,1630)  (2247,1650)  (2227,1670)
ST24  (2323,1650)  (2303,1630)  (2343,1630)  (2303,1670)  (2343,1670)  (2303,1650)  (2323,1630)  (2343,1650)  (2323,1670)
ST21  (2042,1646)  (2022,1626)  (2062,1626)  (2022,1666)  (2062,1666)  (2022,1646)  (2042,1626)  (2062,1646)  (2042,1666)
ST22  (2138,1648)  (2118,1628)  (2158,1628)  (2118,1668)  (2158,1668)  (2118,1648)  (2138,1628)  (2158,1648)  (2138,1668)
SC10  (977,289)  (957,269)  (997,269)  (957,309)  (997,309)  (957,289)  (977,269)  (997,289)  (977,309)
Valos  (2852,1704)  (2826,1709)  (2877,1709)  (2849,1783)  (2824,1780)  (2875,1780)  (2808,1731)  (2835,1729)  (2859,1731)  (2887,1730)  (2807,1755)  (2835,1757)  (2859,1760)  (2887,1758)
ST29  (2792,1646)  (2772,1626)  (2812,1626)  (2772,1666)  (2812,1666)  (2772,1646)  (2792,1626)  (2812,1646)  (2792,1666)
Triplex Hall  (2872,765)  (2864,736)  (2834,729)  (2808,746)  (2800,779)  (2808,801)  (2832,814)  (2863,808)
SC17  (1624,290)  (1604,270)  (1644,270)  (1604,310)  (1644,310)  (1604,290)  (1624,270)  (1644,290)  (1624,310)
SC18  (1720,292)  (1700,272)  (1740,272)  (1700,312)  (1740,312)  (1700,292)  (1720,272)  (1740,292)  (1720,312)
SC15  (1443,293)  (1423,273)  (1463,273)  (1423,313)  (1463,313)  (1423,293)  (1443,273)  (1463,293)  (1443,313)
SC16  (1536,291)  (1516,271)  (1556,271)  (1516,311)  (1556,311)  (1516,291)  (1536,271)  (1556,291)  (1536,311)
SC13  (1255,287)  (1235,267)  (1275,267)  (1235,307)  (1275,307)  (1235,287)  (1255,267)  (1275,287)  (1255,307)
Devlan  (2855,1224)  (2877,1231)  (2834,1229)  (2850,1306)  (2874,1298)  (2830,1298)  (2814,1252)  (2838,1253)  (2863,1249)  (2889,1252)  (2815,1277)  (2838,1275)  (2864,1275)  (2889,1275)
SC14  (1350,293)  (1330,273)  (1370,273)  (1330,313)  (1370,313)  (1330,293)  (1350,273)  (1370,293)  (1350,313)
SC11  (1066,287)  (1046,267)  (1086,267)  (1046,307)  (1086,307)  (1046,287)  (1066,267)  (1086,287)  (1066,307)
SC12  (1163,289)  (1143,269)  (1183,269)  (1143,309)  (1183,309)  (1143,289)  (1163,269)  (1183,289)  (1163,309)
ST30  (2876,1651)  (2856,1631)  (2896,1631)  (2856,1671)  (2896,1671)  (2856,1651)  (2876,1631)  (2896,1651)  (2876,1671)
ST31  (2969,1651)  (2949,1631)  (2989,1631)  (2949,1671)  (2989,1671)  (2949,1651)  (2969,1631)  (2989,1651)  (2969,1671)
The Rock  (593,216)  (590,194)  (572,175)  (534,177)  (525,207)  (534,235)  (552,247)  (580,244)
SC19  (1805,290)  (1785,270)  (1825,270)  (1785,310)  (1825,310)  (1785,290)  (1805,270)  (1825,290)  (1805,310)
Moloch  (2852,903)  (2875,910)  (2825,907)  (2849,982)  (2875,980)  (2825,977)  (2816,931)  (2841,928)  (2870,929)  (2894,928)  (2811,955)  (2838,955)  (2866,957)  (2889,955)
ST16  (1579,1651)  (1559,1631)  (1599,1631)  (1559,1671)  (1599,1671)  (1559,1651)  (1579,1631)  (1599,1651)  (1579,1671)
ST17  (1666,1650)  (1646,1630)  (1686,1630)  (1646,1670)  (1686,1670)  (1646,1650)  (1666,1630)  (1686,1650)  (1666,1670)
ST14  (1390,1642)  (1370,1622)  (1410,1622)  (1370,1662)  (1410,1662)  (1370,1642)  (1390,1622)  (1410,1642)  (1390,1662)
ST15  (1486,1650)  (1466,1630)  (1506,1630)  (1466,1670)  (1506,1670)  (1466,1650)  (1486,1630)  (1506,1650)  (1486,1670)
ST12  (1204,1652)  (1184,1632)  (1224,1632)  (1184,1672)  (1224,1672)  (1184,1652)  (1204,1632)  (1224,1652)  (1204,1672)
ST11  (1113,1644)  (1093,1624)  (1133,1624)  (1093,1664)  (1133,1664)  (1093,1644)  (1113,1624)  (1133,1644)  (1113,1664)
ST18  (1755,1648)  (1735,1628)  (1775,1628)  (1735,1668)  (1775,1668)  (1735,1648)  (1755,1628)  (1775,1648)  (1755,1668)
ST19  (1858,1649)  (1838,1629)  (1878,1629)  (1838,1669)  (1878,1669)  (1838,1649)  (1858,1629)  (1878,1649)  (1858,1669)
Lastrati  (1757,762)  (1740,738)  (1708,738)  (1688,754)  (1685,785)  (1705,801)  (1737,807)  (1757,788)
ST20  (1953,1644)  (1933,1624)  (1973,1624)  (1933,1664)  (1973,1664)  (1933,1644)  (1953,1624)  (1973,1644)  (1953,1664)
SC31  (2922,289)  (2902,269)  (2942,269)  (2902,309)  (2942,309)  (2902,289)  (2922,269)  (2942,289)  (2922,309)
SC30  (2830,287)  (2810,267)  (2850,267)  (2810,307)  (2850,307)  (2810,287)  (2830,267)  (2850,287)  (2830,307)
Prandium  (2525,1621)  (2549,1627)  (2500,1625)  (2524,1702)  (2547,1696)  (2498,1696)  (2486,1649)  (2512,1648)  (2538,1646)  (2565,1647)  (2480,1673)  (2505,1675)  (2534,1677)  (2561,1677)
SR10  (1018,1490)  (998,1470)  (1038,1470)  (998,1510)  (1038,1510)  (998,1490)  (1018,1470)  (1038,1490)  (1018,1510)
SR11  (1113,1492)  (1093,1472)  (1133,1472)  (1093,1512)  (1133,1512)  (1093,1492)  (1113,1472)  (1133,1492)  (1113,1512)
Talassar  (2431,1304)  (2456,1308)  (2404,1306)  (2429,1386)  (2450,1378)  (2406,1375)  (2391,1331)  (2423,1331)  (2449,1331)  (2475,1331)  (2390,1355)  (2414,1351)  (2443,1355)  (2471,1355)
SC20  (1904,289)  (1884,269)  (1924,269)  (1884,309)  (1924,309)  (1884,289)  (1904,269)  (1924,289)  (1904,309)
SC21  (1998,289)  (1978,269)  (2018,269)  (1978,309)  (2018,309)  (1978,289)  (1998,269)  (2018,289)  (1998,309)
SC28  (2651,287)  (2631,267)  (2671,267)  (2631,307)  (2671,307)  (2631,287)  (2651,267)  (2671,287)  (2651,307)
SC29  (2739,291)  (2719,271)  (2759,271)  (2719,311)  (2759,311)  (2719,291)  (2739,271)  (2759,291)  (2739,311)
SC26  (2462,285)  (2442,265)  (2482,265)  (2442,305)  (2482,305)  (2442,285)  (2462,265)  (2482,285)  (2462,305)
SC27  (2552,294)  (2532,274)  (2572,274)  (2532,314)  (2572,314)  (2532,294)  (2552,274)  (2572,294)  (2552,314)
SC24  (2283,286)  (2263,266)  (2303,266)  (2263,306)  (2303,306)  (2263,286)  (2283,266)  (2303,286)  (2283,306)
SC25  (2370,290)  (2350,270)  (2390,270)  (2350,310)  (2390,310)  (2350,290)  (2370,270)  (2390,290)  (2370,310)
SC22  (2094,290)  (2074,270)  (2114,270)  (2074,310)  (2114,310)  (2074,290)  (2094,270)  (2114,290)  (2094,310)
W11  (1027,48)  (1007,28)  (1047,28)  (1007,68)  (1047,68)  (1007,48)  (1027,28)  (1047,48)  (1027,68)
W10  (930,49)  (910,29)  (950,29)  (910,69)  (950,69)  (910,49)  (930,29)  (950,49)  (930,69)
W13  (1209,56)  (1189,36)  (1229,36)  (1189,76)  (1229,76)  (1189,56)  (1209,36)  (1229,56)  (1209,76)
W12  (1116,54)  (1096,34)  (1136,34)  (1096,74)  (1136,74)  (1096,54)  (1116,34)  (1136,54)  (1116,74)
W15  (1404,52)  (1384,32)  (1424,32)  (1384,72)  (1424,72)  (1384,52)  (1404,32)  (1424,52)  (1404,72)
W14  (1305,55)  (1285,35)  (1325,35)  (1285,75)  (1325,75)  (1285,55)  (1305,35)  (1325,55)  (1305,75)
W17  (1587,51)  (1567,31)  (1607,31)  (1567,71)  (1607,71)  (1567,51)  (1587,31)  (1607,51)  (1587,71)
W16  (1493,49)  (1473,29)  (1513,29)  (1473,69)  (1513,69)  (1473,49)  (1493,29)  (1513,49)  (1493,69)
W19  (1768,50)  (1748,30)  (1788,30)  (1748,70)  (1788,70)  (1748,50)  (1768,30)  (1788,50)  (1768,70)
W18  (1679,52)  (1659,32)  (1699,32)  (1659,72)  (1699,72)  (1659,52)  (1679,32)  (1699,52)  (1679,72)
SR29  (2787,1485)  (2767,1465)  (2807,1465)  (2767,1505)  (2807,1505)  (2767,1485)  (2787,1465)  (2807,1485)  (2787,1505)
SR27  (2605,1492)  (2585,1472)  (2625,1472)  (2585,1512)  (2625,1512)  (2585,1492)  (2605,1472)  (2625,1492)  (2605,1512)
SR28  (2691,1488)  (2671,1468)  (2711,1468)  (2671,1508)  (2711,1508)  (2671,1488)  (2691,1468)  (2711,1488)  (2691,1508)
SR26  (2506,1492)  (2486,1472)  (2526,1472)  (2486,1512)  (2526,1512)  (2486,1492)  (2506,1472)  (2526,1492)  (2506,1512)
SR23  (2227,1491)  (2207,1471)  (2247,1471)  (2207,1511)  (2247,1511)  (2207,1491)  (2227,1471)  (2247,1491)  (2227,1511)
SR24  (2326,1487)  (2306,1467)  (2346,1467)  (2306,1507)  (2346,1507)  (2306,1487)  (2326,1467)  (2346,1487)  (2326,1507)
SA11  (1064,131)  (1044,111)  (1084,111)  (1044,151)  (1084,151)  (1044,131)  (1064,111)  (1084,131)  (1064,151)
SA12  (1165,131)  (1145,111)  (1185,111)  (1145,151)  (1185,151)  (1145,131)  (1165,111)  (1185,131)  (1165,151)
SA10  (977,137)  (957,117)  (997,117)  (957,157)  (997,157)  (957,137)  (977,117)  (997,137)  (977,157)
SA19  (1813,139)  (1793,119)  (1833,119)  (1793,159)  (1833,159)  (1793,139)  (1813,119)  (1833,139)  (1813,159)
SA17  (1630,137)  (1610,117)  (1650,117)  (1610,157)  (1650,157)  (1610,137)  (1630,117)  (1650,137)  (1630,157)
SA18  (1721,136)  (1701,116)  (1741,116)  (1701,156)  (1741,156)  (1701,136)  (1721,116)  (1741,136)  (1721,156)
SA15  (1447,135)  (1427,115)  (1467,115)  (1427,155)  (1467,155)  (1427,135)  (1447,115)  (1467,135)  (1447,155)
W20  (1861,55)  (1841,35)  (1881,35)  (1841,75)  (1881,75)  (1841,55)  (1861,35)  (1881,55)  (1861,75)
SA16  (1540,135)  (1520,115)  (1560,115)  (1520,155)  (1560,155)  (1520,135)  (1540,115)  (1560,135)  (1540,155)
SA13  (1257,136)  (1237,116)  (1277,116)  (1237,156)  (1277,156)  (1237,136)  (1257,116)  (1277,136)  (1257,156)
W22  (2047,59)  (2027,39)  (2067,39)  (2027,79)  (2067,79)  (2027,59)  (2047,39)  (2067,59)  (2047,79)
SA14  (1354,134)  (1334,114)  (1374,114)  (1334,154)  (1374,154)  (1334,134)  (1354,114)  (1374,134)  (1354,154)
W21  (1953,53)  (1933,33)  (1973,33)  (1933,73)  (1973,73)  (1933,53)  (1953,33)  (1973,53)  (1953,73)
W24  (2230,53)  (2210,33)  (2250,33)  (2210,73)  (2250,73)  (2210,53)  (2230,33)  (2250,53)  (2230,73)
W23  (2141,49)  (2121,29)  (2161,29)  (2121,69)  (2161,69)  (2121,49)  (2141,29)  (2161,49)  (2141,69)
W26  (2410,50)  (2390,30)  (2430,30)  (2390,70)  (2430,70)  (2390,50)  (2410,30)  (2430,50)  (2410,70)
SR30  (2877,1491)  (2857,1471)  (2897,1471)  (2857,1511)  (2897,1511)  (2857,1491)  (2877,1471)  (2897,1491)  (2877,1511)
Iyanden  (2870,600)  (2845,577)  (2814,582)  (2796,608)  (2806,632)  (2829,645)  (2855,639)  (2870,624)
W25  (2325,52)  (2305,32)  (2345,32)  (2305,72)  (2345,72)  (2305,52)  (2325,32)  (2345,52)  (2325,72)
SR31  (2969,1492)  (2949,1472)  (2989,1472)  (2949,1512)  (2989,1512)  (2949,1492)  (2969,1472)  (2989,1492)  (2969,1512)
W28  (2604,50)  (2584,30)  (2624,30)  (2584,70)  (2624,70)  (2584,50)  (2604,30)  (2624,50)  (2604,70)
W27  (2512,51)  (2492,31)  (2532,31)  (2492,71)  (2532,71)  (2492,51)  (2512,31)  (2532,51)  (2512,71)
W29  (2698,54)  (2678,34)  (2718,34)  (2678,74)  (2718,74)  (2678,54)  (2698,34)  (2718,54)  (2698,74)
SR18  (1764,1489)  (1744,1469)  (1784,1469)  (1744,1509)  (1784,1509)  (1744,1489)  (1764,1469)  (1784,1489)  (1764,1509)
SR19  (1857,1491)  (1837,1471)  (1877,1471)  (1837,1511)  (1877,1511)  (1837,1491)  (1857,1471)  (1877,1491)  (1857,1511)
SR16  (1577,1486)  (1557,1466)  (1597,1466)  (1557,1506)  (1597,1506)  (1557,1486)  (1577,1466)  (1597,1486)  (1577,1506)
SR17  (1673,1493)  (1653,1473)  (1693,1473)  (1653,1513)  (1693,1513)  (1653,1493)  (1673,1473)  (1693,1493)  (1673,1513)
SR14  (1390,1487)  (1370,1467)  (1410,1467)  (1370,1507)  (1410,1507)  (1370,1487)  (1390,1467)  (1410,1487)  (1390,1507)
SR15  (1485,1491)  (1465,1471)  (1505,1471)  (1465,1511)  (1505,1511)  (1465,1491)  (1485,1471)  (1505,1491)  (1485,1511)
SR12  (1205,1491)  (1185,1471)  (1225,1471)  (1185,1511)  (1225,1511)  (1185,1491)  (1205,1471)  (1225,1491)  (1205,1511)
W31  (2884,49)  (2864,29)  (2904,29)  (2864,69)  (2904,69)  (2864,49)  (2884,29)  (2904,49)  (2884,69)
Adrantis V  (245,1545)  (270,1547)  (220,1547)  (243,1627)  (266,1622)  (218,1617)  (207,1572)  (228,1572)  (259,1571)  (280,1573)  (211,1592)  (236,1598)  (260,1596)  (283,1598)
W30  (2792,49)  (2772,29)  (2812,29)  (2772,69)  (2812,69)  (2772,49)  (2792,29)  (2812,49)  (2792,69)
W33  (3068,56)  (3048,36)  (3088,36)  (3048,76)  (3088,76)  (3048,56)  (3068,36)  (3088,56)  (3068,76)
W32  (2982,50)  (2962,30)  (3002,30)  (2962,70)  (3002,70)  (2962,50)  (2982,30)  (3002,50)  (2982,70)
W35  (3068,213)  (3048,193)  (3088,193)  (3048,233)  (3088,233)  (3048,213)  (3068,193)  (3088,213)  (3068,233)
SR21  (2046,1487)  (2026,1467)  (2066,1467)  (2026,1507)  (2066,1507)  (2026,1487)  (2046,1467)  (2066,1487)  (2046,1507)
W34  (3028,133)  (3008,113)  (3048,113)  (3008,153)  (3048,153)  (3008,133)  (3028,113)  (3048,133)  (3028,153)
SR22  (2137,1489)  (2117,1469)  (2157,1469)  (2117,1509)  (2157,1509)  (2117,1489)  (2137,1469)  (2157,1489)  (2137,1509)
W37  (3070,371)  (3050,351)  (3090,351)  (3050,391)  (3090,391)  (3050,371)  (3070,351)  (3090,371)  (3070,391)
W36  (3024,297)  (3004,277)  (3044,277)  (3004,317)  (3044,317)  (3004,297)  (3024,277)  (3044,297)  (3024,317)
SR20  (1945,1493)  (1925,1473)  (1965,1473)  (1925,1513)  (1965,1513)  (1925,1493)  (1945,1473)  (1965,1493)  (1945,1513)
W39  (3071,531)  (3051,511)  (3091,511)  (3051,551)  (3091,551)  (3051,531)  (3071,511)  (3091,531)  (3071,551)
W38  (3023,448)  (3003,428)  (3043,428)  (3003,468)  (3043,468)  (3003,448)  (3023,428)  (3043,448)  (3023,468)
SA31  (2925,136)  (2905,116)  (2945,116)  (2905,156)  (2945,156)  (2905,136)  (2925,116)  (2945,136)  (2925,156)
SA30  (2838,139)  (2818,119)  (2858,119)  (2818,159)  (2858,159)  (2818,139)  (2838,119)  (2858,139)  (2838,159)
W40  (3023,610)  (3003,590)  (3043,590)  (3003,630)  (3043,630)  (3003,610)  (3023,590)  (3043,610)  (3023,630)
W42  (3024,774)  (3004,754)  (3044,754)  (3004,794)  (3044,794)  (3004,774)  (3024,754)  (3044,774)  (3024,794)
W41  (3070,695)  (3050,675)  (3090,675)  (3050,715)  (3090,715)  (3050,695)  (3070,675)  (3090,695)  (3070,715)
W44  (3025,933)  (3005,913)  (3045,913)  (3005,953)  (3045,953)  (3005,933)  (3025,913)  (3045,933)  (3025,953)
W43  (3071,850)  (3051,830)  (3091,830)  (3051,870)  (3091,870)  (3051,850)  (3071,830)  (3091,850)  (3071,870)
W46  (3024,1088)  (3004,1068)  (3044,1068)  (3004,1108)  (3044,1108)  (3004,1088)  (3024,1068)  (3044,1088)  (3024,1108)
W45  (3068,1008)  (3048,988)  (3088,988)  (3048,1028)  (3088,1028)  (3048,1008)  (3068,988)  (3088,1008)  (3068,1028)
SP13  (1301,1328)  (1281,1308)  (1321,1308)  (1281,1348)  (1321,1348)  (1281,1328)  (1301,1308)  (1321,1328)  (1301,1348)
W48  (3018,1256)  (2998,1236)  (3038,1236)  (2998,1276)  (3038,1276)  (2998,1256)  (3018,1236)  (3038,1256)  (3018,1276)
SP10  (1023,1329)  (1003,1309)  (1043,1309)  (1003,1349)  (1043,1349)  (1003,1329)  (1023,1309)  (1043,1329)  (1023,1349)
W47  (3074,1168)  (3054,1148)  (3094,1148)  (3054,1188)  (3094,1188)  (3054,1168)  (3074,1148)  (3094,1168)  (3074,1188)
SP11  (1114,1328)  (1094,1308)  (1134,1308)  (1094,1348)  (1134,1348)  (1094,1328)  (1114,1308)  (1134,1328)  (1114,1348)
W49  (3071,1336)  (3051,1316)  (3091,1316)  (3051,1356)  (3091,1356)  (3051,1336)  (3071,1316)  (3091,1336)  (3071,1356)
Pech  (2478,905)  (2503,907)  (2455,907)  (2479,981)  (2503,977)  (2456,977)  (2441,931)  (2468,930)  (2491,929)  (2513,929)  (2442,951)  (2469,951)  (2493,954)  (2517,953)
Attilla  (1874,1143)  (1847,1150)  (1900,1146)  (1875,1222)  (1851,1215)  (1898,1217)  (1831,1175)  (1857,1171)  (1880,1168)  (1907,1171)  (1836,1195)  (1862,1195)  (1884,1197)  (1911,1195)
SA22  (2096,138)  (2076,118)  (2116,118)  (2076,158)  (2116,158)  (2076,138)  (2096,118)  (2116,138)  (2096,158)
SA23  (2188,137)  (2168,117)  (2208,117)  (2168,157)  (2208,157)  (2168,137)  (2188,117)  (2208,137)  (2188,157)
SA20  (1911,130)  (1891,110)  (1931,110)  (1891,150)  (1931,150)  (1891,130)  (1911,110)  (1931,130)  (1911,150)
SA21  (1999,132)  (1979,112)  (2019,112)  (1979,152)  (2019,152)  (1979,132)  (1999,112)  (2019,132)  (1999,152)
Degruk  (964,216)  (967,189)  (956,168)  (924,165)  (902,183)  (896,206)  (902,235)  (929,247)  (956,239)
SA28  (2658,132)  (2638,112)  (2678,112)  (2638,152)  (2678,152)  (2638,132)  (2658,112)  (2678,132)  (2658,152)
W51  (3072,1495)  (3052,1475)  (3092,1475)  (3052,1515)  (3092,1515)  (3052,1495)  (3072,1475)  (3092,1495)  (3072,1515)
SA29  (2747,136)  (2727,116)  (2767,116)  (2727,156)  (2767,156)  (2727,136)  (2747,116)  (2767,136)  (2747,156)
W50  (3026,1416)  (3006,1396)  (3046,1396)  (3006,1436)  (3046,1436)  (3006,1416)  (3026,1396)  (3046,1416)  (3026,1436)
SA26  (2465,135)  (2445,115)  (2485,115)  (2445,155)  (2485,155)  (2445,135)  (2465,115)  (2485,135)  (2465,155)
W53  (3075,1652)  (3055,1632)  (3095,1632)  (3055,1672)  (3095,1672)  (3055,1652)  (3075,1632)  (3095,1652)  (3075,1672)
SA27  (2562,136)  (2542,116)  (2582,116)  (2542,156)  (2582,156)  (2542,136)  (2562,116)  (2582,136)  (2562,156)
W52  (3026,1570)  (3006,1550)  (3046,1550)  (3006,1590)  (3046,1590)  (3006,1570)  (3026,1550)  (3046,1570)  (3026,1590)
SA24  (2281,134)  (2261,114)  (2301,114)  (2261,154)  (2301,154)  (2261,134)  (2281,114)  (2301,134)  (2281,154)
W55  (3074,1815)  (3054,1795)  (3094,1795)  (3054,1835)  (3094,1835)  (3054,1815)  (3074,1795)  (3094,1815)  (3074,1835)
SA25  (2367,132)  (2347,112)  (2387,112)  (2347,152)  (2387,152)  (2347,132)  (2367,112)  (2387,132)  (2367,152)
W54  (3023,1734)  (3003,1714)  (3043,1714)  (3003,1754)  (3043,1754)  (3003,1734)  (3023,1714)  (3043,1734)  (3023,1754)
W57  (2931,1893)  (2911,1873)  (2951,1873)  (2911,1913)  (2951,1913)  (2911,1893)  (2931,1873)  (2951,1893)  (2931,1913)
W56  (3023,1894)  (3003,1874)  (3043,1874)  (3003,1914)  (3043,1914)  (3003,1894)  (3023,1874)  (3043,1894)  (3023,1914)
W59  (2742,1886)  (2722,1866)  (2762,1866)  (2722,1906)  (2762,1906)  (2722,1886)  (2742,1866)  (2762,1886)  (2742,1906)
W58  (2837,1894)  (2817,1874)  (2857,1874)  (2817,1914)  (2857,1914)  (2817,1894)  (2837,1874)  (2857,1894)  (2837,1914)
Terra  (1025,1186)  (991,1168)  (991,1121)  (1030,1138)  (1065,1160)  (1059,1202)  (1042,1231)
Veridian  (2849,1382)  (2875,1387)  (2823,1389)  (2850,1461)  (2874,1456)  (2825,1454)  (2811,1412)  (2838,1407)  (2866,1406)  (2888,1410)  (2813,1434)  (2836,1431)  (2864,1434)  (2892,1433)
SP29  (2779,1328)  (2759,1308)  (2799,1308)  (2759,1348)  (2799,1348)  (2759,1328)  (2779,1308)  (2799,1328)  (2779,1348)
SP27  (2598,1332)  (2578,1312)  (2618,1312)  (2578,1352)  (2618,1352)  (2578,1332)  (2598,1312)  (2618,1332)  (2598,1352)
Tallarn  (1455,1540)  (1481,1543)  (1431,1544)  (1430,1619)  (1456,1622)  (1479,1618)  (1417,1569)  (1438,1566)  (1464,1567)  (1488,1569)  (1412,1595)  (1440,1592)  (1465,1596)  (1493,1598)
SP26  (2505,1326)  (2485,1306)  (2525,1306)  (2485,1346)  (2525,1346)  (2485,1326)  (2505,1306)  (2525,1326)  (2505,1346)
Chardon  (2012,1544)  (2035,1546)  (1987,1546)  (2013,1622)  (2037,1617)  (1987,1617)  (1974,1573)  (2000,1569)  (2027,1569)  (2051,1571)  (1972,1596)  (1996,1594)  (2025,1593)  (2048,1596)
Konar  (2711,1144)  (2734,1150)  (2686,1151)  (2711,1223)  (2734,1218)  (2686,1217)  (2673,1177)  (2696,1174)  (2721,1173)  (2743,1173)  (2679,1199)  (2701,1198)  (2726,1198)  (2751,1196)
W60  (2648,1888)  (2628,1868)  (2668,1868)  (2628,1908)  (2668,1908)  (2628,1888)  (2648,1868)  (2668,1888)  (2648,1908)
W62  (2462,1892)  (2442,1872)  (2482,1872)  (2442,1912)  (2482,1912)  (2442,1892)  (2462,1872)  (2482,1892)  (2462,1912)
W61  (2556,1887)  (2536,1867)  (2576,1867)  (2536,1907)  (2576,1907)  (2536,1887)  (2556,1867)  (2576,1887)  (2556,1907)
W64  (2278,1893)  (2258,1873)  (2298,1873)  (2258,1913)  (2298,1913)  (2258,1893)  (2278,1873)  (2298,1893)  (2278,1913)
W63  (2366,1888)  (2346,1868)  (2386,1868)  (2346,1908)  (2386,1908)  (2346,1888)  (2366,1868)  (2386,1888)  (2366,1908)
W66  (2092,1890)  (2072,1870)  (2112,1870)  (2072,1910)  (2112,1910)  (2072,1890)  (2092,1870)  (2112,1890)  (2092,1910)
W65  (2183,1893)  (2163,1873)  (2203,1873)  (2163,1913)  (2203,1913)  (2163,1893)  (2183,1873)  (2203,1893)  (2183,1913)
W68  (1906,1889)  (1886,1869)  (1926,1869)  (1886,1909)  (1926,1909)  (1886,1889)  (1906,1869)  (1926,1889)  (1906,1909)
W67  (1998,1891)  (1978,1871)  (2018,1871)  (1978,1911)  (2018,1911)  (1978,1891)  (1998,1871)  (2018,1891)  (1998,1911)
W69  (1812,1889)  (1792,1869)  (1832,1869)  (1792,1909)  (1832,1909)  (1792,1889)  (1812,1869)  (1832,1889)  (1812,1909)
SP30  (2873,1330)  (2853,1310)  (2893,1310)  (2853,1350)  (2893,1350)  (2853,1330)  (2873,1310)  (2893,1330)  (2873,1350)
SP31  (2969,1331)  (2949,1311)  (2989,1311)  (2949,1351)  (2989,1351)  (2949,1331)  (2969,1311)  (2989,1331)  (2969,1351)
SP18  (1766,1331)  (1746,1311)  (1786,1311)  (1746,1351)  (1786,1351)  (1746,1331)  (1766,1311)  (1786,1331)  (1766,1351)
SP17  (1670,1330)  (1650,1310)  (1690,1310)  (1650,1350)  (1690,1350)  (1650,1330)  (1670,1310)  (1690,1330)  (1670,1350)
SP14  (1393,1331)  (1373,1311)  (1413,1311)  (1373,1351)  (1413,1351)  (1373,1331)  (1393,1311)  (1413,1331)  (1393,1351)
SP15  (1477,1331)  (1457,1311)  (1497,1311)  (1457,1351)  (1497,1351)  (1457,1331)  (1477,1311)  (1497,1331)  (1477,1351)
Macharia  (524,1384)  (549,1391)  (499,1387)  (519,1468)  (548,1460)  (491,1455)  (482,1413)  (506,1410)  (534,1409)  (561,1415)  (483,1435)  (506,1435)  (534,1437)  (562,1439)
W71  (1625,1889)  (1605,1869)  (1645,1869)  (1605,1909)  (1645,1909)  (1605,1889)  (1625,1869)  (1645,1889)  (1625,1909)
W70  (1719,1887)  (1699,1867)  (1739,1867)  (1699,1907)  (1739,1907)  (1699,1887)  (1719,1867)  (1739,1887)  (1719,1907)
W73  (1442,1892)  (1422,1872)  (1462,1872)  (1422,1912)  (1462,1912)  (1422,1892)  (1442,1872)  (1462,1892)  (1442,1912)
W72  (1536,1891)  (1516,1871)  (1556,1871)  (1516,1911)  (1556,1911)  (1516,1891)  (1536,1871)  (1556,1891)  (1536,1911)
W75  (1256,1891)  (1236,1871)  (1276,1871)  (1236,1911)  (1276,1911)  (1236,1891)  (1256,1871)  (1276,1891)  (1256,1911)
W74  (1347,1893)  (1327,1873)  (1367,1873)  (1327,1913)  (1367,1913)  (1327,1893)  (1347,1873)  (1367,1893)  (1347,1913)
W77  (1071,1889)  (1051,1869)  (1091,1869)  (1051,1909)  (1091,1909)  (1051,1889)  (1071,1869)  (1091,1889)  (1071,1909)
W76  (1163,1892)  (1143,1872)  (1183,1872)  (1143,1912)  (1183,1912)  (1143,1892)  (1163,1872)  (1183,1892)  (1163,1912)
W79  (887,1890)  (867,1870)  (907,1870)  (867,1910)  (907,1910)  (867,1890)  (887,1870)  (907,1890)  (887,1910)
SP23  (2232,1333)  (2212,1313)  (2252,1313)  (2212,1353)  (2252,1353)  (2212,1333)  (2232,1313)  (2252,1333)  (2232,1353)
W78  (974,1888)  (954,1868)  (994,1868)  (954,1908)  (994,1908)  (954,1888)  (974,1868)  (994,1888)  (974,1908)
SP24  (2318,1331)  (2298,1311)  (2338,1311)  (2298,1351)  (2338,1351)  (2298,1331)  (2318,1311)  (2338,1331)  (2318,1351)
SP21  (2044,1329)  (2024,1309)  (2064,1309)  (2024,1349)  (2064,1349)  (2024,1329)  (2044,1309)  (2064,1329)  (2044,1349)
SP22  (2140,1330)  (2120,1310)  (2160,1310)  (2120,1350)  (2160,1350)  (2120,1330)  (2140,1310)  (2160,1330)  (2140,1350)
SP20  (1949,1333)  (1929,1313)  (1969,1313)  (1929,1353)  (1969,1353)  (1929,1333)  (1949,1313)  (1969,1333)  (1949,1353)
Bakka  (1736,1702)  (1759,1709)  (1714,1708)  (1736,1783)  (1762,1774)  (1719,1779)  (1699,1734)  (1723,1731)  (1745,1731)  (1769,1731)  (1701,1757)  (1722,1754)  (1743,1757)  (1770,1753)
W80  (794,1886)  (774,1866)  (814,1866)  (774,1906)  (814,1906)  (774,1886)  (794,1866)  (814,1886)  (794,1906)
W82  (606,1892)  (586,1872)  (626,1872)  (586,1912)  (626,1912)  (586,1892)  (606,1872)  (626,1892)  (606,1912)
W81  (696,1888)  (676,1868)  (716,1868)  (676,1908)  (716,1908)  (676,1888)  (696,1868)  (716,1888)  (696,1908)
W84  (417,1889)  (397,1869)  (437,1869)  (397,1909)  (437,1909)  (397,1889)  (417,1869)  (437,1889)  (417,1909)
W83  (514,1884)  (494,1864)  (534,1864)  (494,1904)  (534,1904)  (494,1884)  (514,1864)  (534,1884)  (514,1904)
W86  (237,1890)  (217,1870)  (257,1870)  (217,1910)  (257,1910)  (217,1890)  (237,1870)  (257,1890)  (237,1910)
W85  (331,1895)  (311,1875)  (351,1875)  (311,1915)  (351,1915)  (311,1895)  (331,1875)  (351,1895)  (331,1915)
W88  (48,1891)  (28,1871)  (68,1871)  (28,1911)  (68,1911)  (28,1891)  (48,1871)  (68,1891)  (48,1911)
W87  (141,1892)  (121,1872)  (161,1872)  (121,1912)  (161,1912)  (121,1892)  (141,1872)  (161,1892)  (141,1912)
SN14  (1391,1169)  (1371,1149)  (1411,1149)  (1371,1189)  (1411,1189)  (1371,1169)  (1391,1149)  (1411,1169)  (1391,1189)
W89  (98,1812)  (78,1792)  (118,1792)  (78,1832)  (118,1832)  (78,1812)  (98,1792)  (118,1812)  (98,1832)
SN15  (1483,1170)  (1463,1150)  (1503,1150)  (1463,1190)  (1503,1190)  (1463,1170)  (1483,1150)  (1503,1170)  (1483,1190)
SN12  (1208,1167)  (1188,1147)  (1228,1147)  (1188,1187)  (1228,1187)  (1188,1167)  (1208,1147)  (1228,1167)  (1208,1187)
SN13  (1302,1172)  (1282,1152)  (1322,1152)  (1282,1192)  (1322,1192)  (1282,1172)  (1302,1152)  (1322,1172)  (1302,1192)
Gathalamor  (758,1305)  (782,1308)  (734,1307)  (757,1385)  (786,1377)  (730,1376)  (717,1332)  (741,1329)  (765,1331)  (794,1331)  (717,1354)  (749,1355)  (775,1358)  (800,1355)
W91  (93,1653)  (73,1633)  (113,1633)  (73,1673)  (113,1673)  (73,1653)  (93,1633)  (113,1653)  (93,1673)
W90  (48,1730)  (28,1710)  (68,1710)  (28,1750)  (68,1750)  (28,1730)  (48,1710)  (68,1730)  (48,1750)
W93  (95,1491)  (75,1471)  (115,1471)  (75,1511)  (115,1511)  (75,1491)  (95,1471)  (115,1491)  (95,1511)
W92  (50,1572)  (30,1552)  (70,1552)  (30,1592)  (70,1592)  (30,1572)  (50,1552)  (70,1572)  (50,1592)
Solstice  (710,1703)  (734,1708)  (687,1712)  (712,1782)  (735,1777)  (686,1775)  (666,1737)  (690,1731)  (721,1728)  (745,1732)  (668,1754)  (690,1756)  (719,1759)  (751,1754)
W95  (96,1331)  (76,1311)  (116,1311)  (76,1351)  (116,1351)  (76,1331)  (96,1311)  (116,1331)  (96,1351)
W94  (46,1411)  (26,1391)  (66,1391)  (26,1431)  (66,1431)  (26,1411)  (46,1391)  (66,1411)  (46,1431)
W97  (92,1169)  (72,1149)  (112,1149)  (72,1189)  (112,1189)  (72,1169)  (92,1149)  (112,1169)  (92,1189)
W96  (49,1255)  (29,1235)  (69,1235)  (29,1275)  (69,1275)  (29,1255)  (49,1235)  (69,1255)  (49,1275)
W99  (103,1015)  (83,995)  (123,995)  (83,1035)  (123,1035)  (83,1015)  (103,995)  (123,1015)  (103,1035)
W98  (51,1094)  (31,1074)  (71,1074)  (31,1114)  (71,1114)  (31,1094)  (51,1074)  (71,1094)  (51,1114)
SN29  (2782,1171)  (2762,1151)  (2802,1151)  (2762,1191)  (2802,1191)  (2762,1171)  (2782,1151)  (2802,1171)  (2782,1191)
SN27  (2598,1172)  (2578,1152)  (2618,1152)  (2578,1192)  (2618,1192)  (2578,1172)  (2598,1152)  (2618,1172)  (2598,1192)
SN30  (2874,1171)  (2854,1151)  (2894,1151)  (2854,1191)  (2894,1191)  (2854,1171)  (2874,1151)  (2894,1171)  (2874,1191)
SN31  (2963,1167)  (2943,1147)  (2983,1147)  (2943,1187)  (2983,1187)  (2943,1167)  (2963,1147)  (2983,1167)  (2963,1187)
SN18  (1759,1169)  (1739,1149)  (1779,1149)  (1739,1189)  (1779,1189)  (1739,1169)  (1759,1149)  (1779,1169)  (1759,1189)
Sulairn  (1224,1303)  (1247,1308)  (1201,1308)  (1226,1380)  (1250,1375)  (1202,1375)  (1186,1326)  (1213,1328)  (1241,1328)  (1267,1327)  (1186,1351)  (1212,1349)  (1238,1349)  (1263,1356)
SN17  (1668,1172)  (1648,1152)  (1688,1152)  (1648,1192)  (1688,1192)  (1648,1172)  (1668,1152)  (1688,1172)  (1668,1192)
Gathrog  (775,221)  (782,198)  (768,172)  (733,169)  (714,187)  (712,218)  (728,244)  (757,247)
SN26  (2502,1170)  (2482,1150)  (2522,1150)  (2482,1190)  (2522,1190)  (2482,1170)  (2502,1150)  (2522,1170)  (2502,1190)
SN24  (2323,1171)  (2303,1151)  (2343,1151)  (2303,1191)  (2343,1191)  (2303,1171)  (2323,1151)  (2343,1171)  (2323,1191)
SN22  (2138,1171)  (2118,1151)  (2158,1151)  (2118,1191)  (2158,1191)  (2118,1171)  (2138,1151)  (2158,1171)  (2138,1191)
SN20  (1952,1171)  (1932,1151)  (1972,1151)  (1932,1191)  (1972,1191)  (1932,1171)  (1952,1151)  (1972,1171)  (1952,1191)
Methalor  (617,1224)  (642,1227)  (592,1229)  (617,1301)  (639,1296)  (593,1296)  (576,1254)  (603,1253)  (629,1252)  (652,1251)  (575,1277)  (599,1277)  (628,1276)  (654,1274)
SL16  (1575,1012)  (1555,992)  (1595,992)  (1555,1032)  (1595,1032)  (1555,1012)  (1575,992)  (1595,1012)  (1575,1032)
SL17  (1673,1014)  (1653,994)  (1693,994)  (1653,1034)  (1693,1034)  (1653,1014)  (1673,994)  (1693,1014)  (1673,1034)
SL14  (1399,1014)  (1379,994)  (1419,994)  (1379,1034)  (1419,1034)  (1379,1014)  (1399,994)  (1419,1014)  (1399,1034)
SL15  (1488,1010)  (1468,990)  (1508,990)  (1468,1030)  (1508,1030)  (1468,1010)  (1488,990)  (1508,1010)  (1488,1030)
SL13  (1295,1009)  (1275,989)  (1315,989)  (1275,1029)  (1315,1029)  (1275,1009)  (1295,989)  (1315,1009)  (1295,1029)
SL10  (1017,1006)  (997,986)  (1037,986)  (997,1026)  (1037,1026)  (997,1006)  (1017,986)  (1037,1006)  (1017,1026)
SL11  (1116,1016)  (1096,996)  (1136,996)  (1096,1036)  (1136,1036)  (1096,1016)  (1116,996)  (1136,1016)  (1116,1036)
Yarant  (1173,1543)  (1194,1548)  (1150,1551)  (1175,1622)  (1201,1617)  (1152,1617)  (1139,1577)  (1168,1573)  (1194,1571)  (1215,1570)  (1139,1594)  (1164,1594)  (1186,1597)  (1212,1595)
SL29  (2792,1009)  (2772,989)  (2812,989)  (2772,1029)  (2812,1029)  (2772,1009)  (2792,989)  (2812,1009)  (2792,1029)
SL30  (2877,1009)  (2857,989)  (2897,989)  (2857,1029)  (2897,1029)  (2857,1009)  (2877,989)  (2897,1009)  (2877,1029)
SL31  (2970,1012)  (2950,992)  (2990,992)  (2950,1032)  (2990,1032)  (2950,1012)  (2970,992)  (2990,1012)  (2970,1032)
Tau'n  (2406,774)  (2398,744)  (2364,736)  (2344,749)  (2337,776)  (2351,798)  (2371,806)  (2399,795)
SL18  (1763,1012)  (1743,992)  (1783,992)  (1743,1032)  (1783,1032)  (1743,1012)  (1763,992)  (1783,1012)  (1763,1032)
SL20  (1955,1011)  (1935,991)  (1975,991)  (1935,1031)  (1975,1031)  (1935,1011)  (1955,991)  (1975,1011)  (1955,1031)
SL27  (2602,1012)  (2582,992)  (2622,992)  (2582,1032)  (2622,1032)  (2582,1012)  (2602,992)  (2622,1012)  (2602,1032)
SL25  (2417,1009)  (2397,989)  (2437,989)  (2397,1029)  (2437,1029)  (2397,1009)  (2417,989)  (2437,1009)  (2417,1029)
Fenris  (1058,697)  (1057,668)  (1035,650)  (1014,655)  (988,674)  (988,701)  (1001,719)  (1024,728)  (1049,720)
SL26  (2509,1012)  (2489,992)  (2529,992)  (2489,1032)  (2529,1032)  (2489,1012)  (2509,992)  (2529,1012)  (2509,1032)
SL23  (2232,1014)  (2212,994)  (2252,994)  (2212,1034)  (2252,1034)  (2212,1014)  (2232,994)  (2252,1014)  (2232,1034)
Macragge  (2570,1385)  (2597,1390)  (2546,1390)  (2569,1463)  (2593,1460)  (2544,1454)  (2531,1416)  (2552,1413)  (2577,1410)  (2606,1414)  (2531,1439)  (2556,1435)  (2580,1436)  (2604,1436)
SL21  (2047,1010)  (2027,990)  (2067,990)  (2027,1030)  (2067,1030)  (2027,1010)  (2047,990)  (2067,1010)  (2047,1030)
Kra'sylth  (2432,1141)  (2454,1146)  (2410,1146)  (2430,1221)  (2454,1217)  (2406,1215)  (2395,1170)  (2422,1170)  (2450,1171)  (2474,1171)  (2393,1191)  (2419,1191)  (2448,1192)  (2470,1194)
Jagga  (2264,521)  (2243,502)  (2214,505)  (2198,518)  (2201,550)  (2227,565)  (2255,554)
SJ10  (1024,851)  (1004,831)  (1044,831)  (1004,871)  (1044,871)  (1004,851)  (1024,831)  (1044,851)  (1024,871)
SJ11  (1114,849)  (1094,829)  (1134,829)  (1094,869)  (1134,869)  (1094,849)  (1114,829)  (1134,849)  (1114,869)
Imbach  (1871,982)  (1846,988)  (1894,984)  (1869,1062)  (1846,1055)  (1893,1059)  (1835,1012)  (1860,1008)  (1887,1006)  (1912,1009)  (1832,1035)  (1859,1032)  (1885,1035)  (1912,1035)
SJ18  (1763,854)  (1743,834)  (1783,834)  (1743,874)  (1783,874)  (1743,854)  (1763,834)  (1783,854)  (1763,874)
SJ16  (1577,854)  (1557,834)  (1597,834)  (1557,874)  (1597,874)  (1557,854)  (1577,834)  (1597,854)  (1577,874)
SJ17  (1671,850)  (1651,830)  (1691,830)  (1651,870)  (1691,870)  (1651,850)  (1671,830)  (1691,850)  (1671,870)
SJ14  (1395,850)  (1375,830)  (1415,830)  (1375,870)  (1415,870)  (1375,850)  (1395,830)  (1415,850)  (1395,870)
SJ15  (1486,854)  (1466,834)  (1506,834)  (1466,874)  (1506,874)  (1466,854)  (1486,834)  (1506,854)  (1486,874)
SJ12  (1205,851)  (1185,831)  (1225,831)  (1185,871)  (1225,871)  (1185,851)  (1205,831)  (1225,851)  (1205,871)
SJ13  (1298,851)  (1278,831)  (1318,831)  (1278,871)  (1318,871)  (1278,851)  (1298,831)  (1318,851)  (1298,871)
Mackan  (725,1067)  (675,1064)  (698,1123)  (659,1110)  (734,1108)
Talasa Prime  (2294,1546)  (2316,1551)  (2274,1549)  (2291,1617)  (2316,1610)  (2270,1608)  (2259,1571)  (2285,1570)  (2305,1569)  (2325,1568)  (2257,1592)  (2281,1597)  (2306,1594)  (2330,1591)
SJ30  (2881,847)  (2861,827)  (2901,827)  (2861,867)  (2901,867)  (2861,847)  (2881,827)  (2901,847)  (2881,867)
SJ31  (2971,848)  (2951,828)  (2991,828)  (2951,868)  (2991,868)  (2951,848)  (2971,828)  (2991,848)  (2971,868)
Farsight Enclaves  (2126,751)  (2101,730)  (2070,737)  (2053,764)  (2063,789)  (2084,806)  (2115,803)  (2128,779)
Kar Duniash  (2543,682)  (2526,657)  (2491,654)  (2473,675)  (2477,701)  (2498,720)  (2524,726)  (2539,709)
Hydraphur  (458,777)  (452,749)  (421,730)  (388,746)  (384,778)  (392,802)  (415,811)  (442,802)
SJ21  (2041,850)  (2021,830)  (2061,830)  (2021,870)  (2061,870)  (2021,850)  (2041,830)  (2061,850)  (2041,870)
SJ22  (2137,849)  (2117,829)  (2157,829)  (2117,869)  (2157,869)  (2117,849)  (2137,829)  (2157,849)  (2137,869)
SJ20  (1951,849)  (1931,829)  (1971,829)  (1931,869)  (1971,869)  (1931,849)  (1951,829)  (1971,849)  (1951,869)
SJ29  (2788,847)  (2768,827)  (2808,827)  (2768,867)  (2808,867)  (2768,847)  (2788,827)  (2808,847)  (2788,867)
SJ27  (2603,850)  (2583,830)  (2623,830)  (2583,870)  (2623,870)  (2583,850)  (2603,830)  (2623,850)  (2603,870)
SJ25  (2417,849)  (2397,829)  (2437,829)  (2397,869)  (2437,869)  (2397,849)  (2417,829)  (2437,849)  (2417,869)
SJ26  (2511,851)  (2491,831)  (2531,831)  (2491,871)  (2531,871)  (2491,851)  (2511,831)  (2531,851)  (2511,871)
SJ24  (2322,850)  (2302,830)  (2342,830)  (2302,870)  (2342,870)  (2302,850)  (2322,830)  (2342,850)  (2322,870)
Masali  (2291,1383)  (2314,1389)  (2267,1387)  (2290,1461)  (2314,1457)  (2267,1458)  (2248,1410)  (2274,1410)  (2300,1409)  (2327,1412)  (2253,1435)  (2278,1432)  (2306,1438)  (2330,1434)
SH12  (1205,689)  (1185,669)  (1225,669)  (1185,709)  (1225,709)  (1185,689)  (1205,669)  (1225,689)  (1205,709)
SH13  (1305,691)  (1285,671)  (1325,671)  (1285,711)  (1325,711)  (1285,691)  (1305,671)  (1325,691)  (1305,711)
SH11  (1114,691)  (1094,671)  (1134,671)  (1094,711)  (1134,711)  (1094,691)  (1114,671)  (1134,691)  (1114,711)
Jucha  (246,1702)  (268,1707)  (223,1706)  (245,1779)  (270,1774)  (220,1773)  (204,1732)  (230,1728)  (255,1729)  (285,1729)  (198,1753)  (223,1753)  (245,1760)  (275,1754)
SH18  (1762,687)  (1742,667)  (1782,667)  (1742,707)  (1782,707)  (1742,687)  (1762,667)  (1782,687)  (1762,707)
SH19  (1859,688)  (1839,668)  (1879,668)  (1839,708)  (1879,708)  (1839,688)  (1859,668)  (1879,688)  (1859,708)
SH16  (1580,687)  (1560,667)  (1600,667)  (1560,707)  (1600,707)  (1560,687)  (1580,667)  (1600,687)  (1580,707)
SH17  (1670,694)  (1650,674)  (1690,674)  (1650,714)  (1690,714)  (1650,694)  (1670,674)  (1690,694)  (1670,714)
Thandros  (2664,1547)  (2688,1552)  (2638,1552)  (2660,1628)  (2685,1622)  (2637,1618)  (2624,1576)  (2647,1574)  (2674,1574)  (2701,1575)  (2623,1598)  (2648,1600)  (2676,1603)  (2696,1603)
SH14  (1391,690)  (1371,670)  (1411,670)  (1371,710)  (1411,710)  (1371,690)  (1391,670)  (1411,690)  (1391,710)
SH15  (1486,689)  (1466,669)  (1506,669)  (1466,709)  (1506,709)  (1466,689)  (1486,669)  (1506,689)  (1486,709)
San Leor  (2015,1705)  (2037,1707)  (1987,1708)  (2012,1781)  (2032,1776)  (1989,1773)  (1972,1731)  (1998,1731)  (2024,1731)  (2050,1729)  (1973,1755)  (2000,1752)  (2024,1753)  (2052,1756)
Posul  (1315,1461)  (1339,1463)  (1289,1466)  (1313,1543)  (1340,1537)  (1288,1536)  (1277,1489)  (1300,1489)  (1328,1489)  (1353,1487)  (1274,1514)  (1297,1515)  (1326,1513)  (1351,1512)
SH30  (2876,691)  (2856,671)  (2896,671)  (2856,711)  (2896,711)  (2856,691)  (2876,671)  (2896,691)  (2876,711)
SH31  (2969,691)  (2949,671)  (2989,671)  (2949,711)  (2989,711)  (2949,691)  (2969,671)  (2989,691)  (2969,711)
SH24  (2324,688)  (2304,668)  (2344,668)  (2304,708)  (2344,708)  (2304,688)  (2324,668)  (2344,688)  (2324,708)
SH21  (2043,688)  (2023,668)  (2063,668)  (2023,708)  (2063,708)  (2023,688)  (2043,668)  (2063,688)  (2043,708)
SH22  (2141,690)  (2121,670)  (2161,670)  (2121,710)  (2161,710)  (2121,690)  (2141,670)  (2161,690)  (2141,710)
Bork  (2637,213)  (2634,189)  (2609,175)  (2574,181)  (2567,209)  (2574,235)  (2592,248)  (2621,243)
SH29  (2795,688)  (2775,668)  (2815,668)  (2775,708)  (2815,708)  (2775,688)  (2795,668)  (2815,688)  (2795,708)
SH27  (2607,691)  (2587,671)  (2627,671)  (2587,711)  (2627,711)  (2587,691)  (2607,671)  (2627,691)  (2607,711)
SH25  (2414,688)  (2394,668)  (2434,668)  (2394,708)  (2434,708)  (2394,688)  (2414,668)  (2434,688)  (2414,708)
Tau  (2244,824)  (2219,827)  (2269,828)  (2245,902)  (2272,898)  (2219,896)  (2201,853)  (2225,852)  (2253,851)  (2278,854)  (2200,878)  (2229,875)  (2255,875)  (2282,878)
Tax  (2711,1304)  (2735,1310)  (2687,1309)  (2710,1382)  (2735,1378)  (2686,1375)  (2670,1332)  (2696,1329)  (2722,1328)  (2748,1332)  (2670,1354)  (2697,1351)  (2722,1354)  (2748,1358)
Calverna  (895,1383)  (918,1393)  (871,1391)  (891,1462)  (916,1458)  (866,1453)  (855,1413)  (880,1412)  (906,1409)  (929,1411)  (861,1436)  (887,1435)  (912,1435)  (937,1436)
SF14  (1392,528)  (1372,508)  (1412,508)  (1372,548)  (1412,548)  (1372,528)  (1392,508)  (1412,528)  (1392,548)
SF15  (1489,528)  (1469,508)  (1509,508)  (1469,548)  (1509,548)  (1469,528)  (1489,508)  (1509,528)  (1489,548)
SF12  (1210,526)  (1190,506)  (1230,506)  (1190,546)  (1230,546)  (1190,526)  (1210,506)  (1230,526)  (1210,546)
SF13  (1299,527)  (1279,507)  (1319,507)  (1279,547)  (1319,547)  (1279,527)  (1299,507)  (1319,527)  (1299,547)
SF10  (1023,527)  (1003,507)  (1043,507)  (1003,547)  (1043,547)  (1003,527)  (1023,507)  (1043,527)  (1023,547)
SF11  (1116,533)  (1096,513)  (1136,513)  (1096,553)  (1136,553)  (1096,533)  (1116,513)  (1136,533)  (1116,553)
SF18  (1762,525)  (1742,505)  (1782,505)  (1742,545)  (1782,545)  (1742,525)  (1762,505)  (1782,525)  (1762,545)
SF19  (1857,526)  (1837,506)  (1877,506)  (1837,546)  (1877,546)  (1837,526)  (1857,506)  (1877,526)  (1857,546)
SF16  (1576,528)  (1556,508)  (1596,508)  (1556,548)  (1596,548)  (1556,528)  (1576,508)  (1596,528)  (1576,548)
SF17  (1674,527)  (1654,507)  (1694,507)  (1654,547)  (1694,547)  (1654,527)  (1674,507)  (1694,527)  (1674,547)
SA1  (142,133)  (122,113)  (162,113)  (122,153)  (162,153)  (122,133)  (142,113)  (162,133)  (142,153)
SA3  (335,133)  (315,113)  (355,113)  (315,153)  (355,153)  (315,133)  (335,113)  (355,133)  (335,153)
SA2  (241,133)  (221,113)  (261,113)  (221,153)  (261,153)  (221,133)  (241,113)  (261,133)  (241,153)
SA5  (517,132)  (497,112)  (537,112)  (497,152)  (537,152)  (497,132)  (517,112)  (537,132)  (517,152)
SA4  (419,135)  (399,115)  (439,115)  (399,155)  (439,155)  (399,135)  (419,115)  (439,135)  (419,155)
SA7  (701,134)  (681,114)  (721,114)  (681,154)  (721,154)  (681,134)  (701,114)  (721,134)  (701,154)
SA6  (607,133)  (587,113)  (627,113)  (587,153)  (627,153)  (587,133)  (607,113)  (627,133)  (607,153)
SA9  (884,138)  (864,118)  (904,118)  (864,158)  (904,158)  (864,138)  (884,118)  (904,138)  (884,158)
SA8  (792,135)  (772,115)  (812,115)  (772,155)  (812,155)  (772,135)  (792,115)  (812,135)  (792,155)
Y'leth  (2266,698)  (2264,664)  (2237,648)  (2207,656)  (2197,681)  (2207,709)  (2229,722)  (2255,715)
Eye of Terror  (454,458)  (457,431)  (439,411)  (410,410)  (386,424)  (380,454)  (386,477)  (405,492)  (442,486)
SB1  (184,210)  (164,190)  (204,190)  (164,230)  (204,230)  (164,210)  (184,190)  (204,210)  (184,230)
SB4  (466,205)  (446,185)  (486,185)  (446,225)  (486,225)  (446,205)  (466,185)  (486,205)  (466,225)
SB3  (372,209)  (352,189)  (392,189)  (352,229)  (392,229)  (352,209)  (372,189)  (392,209)  (372,229)
SB6  (653,213)  (633,193)  (673,193)  (633,233)  (673,233)  (633,213)  (653,193)  (673,213)  (653,233)
SB8  (841,215)  (821,195)  (861,195)  (821,235)  (861,235)  (821,215)  (841,195)  (861,215)  (841,235)
Parmenio  (2430,1462)  (2453,1467)  (2404,1463)  (2432,1541)  (2457,1537)  (2408,1534)  (2387,1487)  (2410,1488)  (2437,1489)  (2461,1489)  (2386,1511)  (2414,1513)  (2437,1515)  (2465,1512)
Ophelia VII  (1034,1624)  (1008,1631)  (1057,1629)  (1040,1702)  (1012,1703)  (1066,1698)  (995,1652)  (1018,1652)  (1044,1650)  (1067,1651)  (1002,1676)  (1028,1678)  (1053,1675)  (1077,1673)
SF30  (2880,533)  (2860,513)  (2900,513)  (2860,553)  (2900,553)  (2860,533)  (2880,513)  (2900,533)  (2880,553)
SF31  (2969,528)  (2949,508)  (2989,508)  (2949,548)  (2989,548)  (2949,528)  (2969,508)  (2989,528)  (2969,548)
SC1  (149,294)  (129,274)  (169,274)  (129,314)  (169,314)  (129,294)  (149,274)  (169,294)  (149,314)
SC3  (327,289)  (307,269)  (347,269)  (307,309)  (347,309)  (307,289)  (327,269)  (347,289)  (327,309)
SC2  (231,289)  (211,269)  (251,269)  (211,309)  (251,309)  (211,289)  (231,269)  (251,289)  (231,309)
SC5  (510,296)  (490,276)  (530,276)  (490,316)  (530,316)  (490,296)  (510,276)  (530,296)  (510,316)
SC4  (417,297)  (397,277)  (437,277)  (397,317)  (437,317)  (397,297)  (417,277)  (437,297)  (417,317)
SC7  (698,292)  (678,272)  (718,272)  (678,312)  (718,312)  (678,292)  (698,272)  (718,292)  (698,312)
SC6  (606,295)  (586,275)  (626,275)  (586,315)  (626,315)  (586,295)  (606,275)  (626,295)  (606,315)
SC9  (879,297)  (859,277)  (899,277)  (859,317)  (899,317)  (859,297)  (879,277)  (899,297)  (879,317)
SC8  (790,292)  (770,272)  (810,272)  (770,312)  (810,312)  (770,292)  (790,272)  (810,292)  (790,312)
SF26  (2512,531)  (2492,511)  (2532,511)  (2492,551)  (2532,551)  (2492,531)  (2512,511)  (2532,531)  (2512,551)
Valhalla  (1990,523)  (1977,500)  (1954,496)  (1927,504)  (1915,528)  (1925,555)  (1949,568)  (1982,559)
SF24  (2324,529)  (2304,509)  (2344,509)  (2304,549)  (2344,549)  (2304,529)  (2324,509)  (2344,529)  (2324,549)
SF21  (2045,526)  (2025,506)  (2065,506)  (2025,546)  (2065,546)  (2025,526)  (2045,506)  (2065,526)  (2045,546)
SF22  (2136,529)  (2116,509)  (2156,509)  (2116,549)  (2156,549)  (2116,529)  (2136,509)  (2156,529)  (2136,549)
SF29  (2793,528)  (2773,508)  (2813,508)  (2773,548)  (2813,548)  (2773,528)  (2793,508)  (2813,528)  (2793,548)
SF27  (2604,531)  (2584,511)  (2624,511)  (2584,551)  (2624,551)  (2584,531)  (2604,511)  (2624,531)  (2604,551)
SF28  (2693,529)  (2673,509)  (2713,509)  (2673,549)  (2713,549)  (2673,529)  (2693,509)  (2713,529)  (2693,549)